[[-3.7881062  8.449541   3.2128372]]
[[-4.9869175 10.060514   5.1644964]]
[[-4.9244986  9.707545   3.4121695]]
[[-3.7795715  7.7742815  3.4388728]]
[[-4.5052524 10.25029    4.1445217]]
[[-5.0849853 12.193685   4.26938  ]]
[[-4.035659   9.11004    5.1970186]]
[[-4.3741508  7.4491005  2.7472823]]
[[-3.690452  8.150937  2.874383]]
[[-4.222208  9.981964  4.558398]]
[[-4.4721737  8.06162    5.3549795]]
[[-3.3086586 11.563641   2.9574294]]
[[-4.8571105 10.120982   4.2456813]]
[[-5.735105 12.58833   5.98686 ]]
[[-4.691531   9.2325535  5.516697 ]]
[[-4.877194 11.412171  4.897493]]
[[-4.2854805  6.2311296  5.1811695]]
[[-5.7663636  9.29648    6.2438016]]
[[-4.521412  9.535267  4.411304]]
