[[ -5.9482465  18.056007  -12.783166    3.3594966]]
[[ -5.3385096  16.619537  -13.832643    9.152277 ]]
[[ -5.8399878  19.53099   -12.383907    4.5811524]]
[[ -5.47218   16.55463  -15.610614   9.125488]]
[[ -6.037331   15.694144  -13.83596     8.3897085]]
[[ -7.252519  30.343931 -13.52592    5.269488]]
[[ -5.4486547  14.100958  -12.996578   10.877058 ]]
[[ -6.764569   16.967089  -12.847075    4.8482876]]
[[ -5.825735   16.864998  -11.585912    4.0396066]]
[[ -6.1878505  16.83391   -13.3341055  11.435625 ]]
[[ -5.8006644  13.53342   -14.008905   12.305275 ]]
[[ -8.28102   18.702316 -11.674664   5.313859]]
[[ -5.5307107  15.298015  -13.436125    7.1356235]]
[[ -6.975825  20.80156  -12.726501   9.633219]]
[[ -6.11107   13.191974 -14.228848  12.730757]]
[[ -5.9560337  19.535908  -13.098463    9.301266 ]]
[[ -5.221109  11.590995 -13.824644  10.768484]]
[[ -6.993991  13.935251 -12.109064   8.471767]]
[[ -6.1658883  17.119759  -13.213506    8.152135 ]]
