[0.495198   0.67293561 0.59687857]
[0.47778666 0.69633312 0.62522415]
[0.47869322 0.69120665 0.59977364]
[0.49532196 0.66312825 0.60016147]
[0.48478229 0.69908939 0.6104102 ]
[0.47636234 0.72731495 0.61222362]
[0.49160259 0.68252859 0.6256965 ]
[0.48668639 0.65840537 0.59011692]
[0.49661632 0.66859873 0.59196291]
[0.48889318 0.69519227 0.61642128]
[0.48526272 0.6673015  0.6279907 ]
[0.50216142 0.71816429 0.59316907]
[0.47967196 0.69721134 0.61187943]
[0.46692011 0.73304671 0.63716803]
[0.48207681 0.68430795 0.63033945]
[0.47938027 0.71596436 0.62134624]
[0.48797422 0.64071576 0.62546631]
[0.46646611 0.68523641 0.6408998 ]
[0.48454759 0.68870451 0.61428491]
