[0.44364358 1.         0.60872572 0.21131051 0.61891037]
[0.48303298 1.         0.60554659 0.24940767 0.65488823]
[0.4728193  0.83587256 0.60631523 0.2594394  0.62378758]
[0.50175712 1.         0.59786083 0.27723048 0.63225904]
[0.47824359 1.         0.61432054 0.23483092 0.63813449]
[0.42427404 1.         0.6339759  0.19510927 0.64513432]
[0.47667049 0.88999112 0.6238134  0.21627001 0.68773461]
[0.45527574 0.9425423  0.6020102  0.26746925 0.61612848]
[0.45328419 0.80117707 0.61002574 0.2501431  0.62095603]
[0.48183898 0.99236438 0.60858452 0.25050008 0.66986437]
[0.50584635 0.93290257 0.59045791 0.29222957 0.65293007]
[0.48831927 1.         0.60714037 0.24177593 0.6279479 ]
[0.49925929 0.99379527 0.59322125 0.28265093 0.62364483]
[0.45217431 0.93738319 0.62879172 0.20126388 0.68591424]
[0.47719161 0.91244514 0.61824689 0.24839029 0.67936204]
[0.47943643 1.         0.60813615 0.25952897 0.64246019]
[0.49045997 0.9357266  0.60186758 0.27203619 0.65328059]
[0.45193409 1.         0.62799417 0.20938392 0.6733013 ]
[0.47308118 0.99191841 0.61039081 0.24549836 0.64703548]
