[0.70686965 0.40315403 1.         0.35083252 0.05772591 0.68031626]
[ 0.73801772  0.53119462  0.8634395   0.27621384 -0.02447114  0.75438222]
[0.77800982 0.46829733 0.76319228 0.27514898 0.08086408 0.71882004]
[0.78755932 0.49187844 0.8894606  0.25168193 0.07471672 0.76515461]
[0.77005414 0.48185397 0.92095924 0.24138132 0.02494157 0.76175462]
[0.58817139 0.35743708 1.         0.34044138 0.08174184 0.70607351]
[ 0.79887479  0.53587627  0.80296311  0.2531884  -0.0264115   0.76406328]
[ 0.92969932  0.41867106  1.          0.19254916 -0.01531042  0.74881724]
[ 0.80185284  0.45389256  0.90675547  0.19900163 -0.03126227  0.7430442 ]
[0.66164351 0.41821267 0.96046988 0.30653398 0.06075641 0.80026933]
[ 0.90361052  0.5080683   0.78849288  0.19485349 -0.04223038  0.8282486 ]
[ 0.81824572  0.35063978  1.          0.23188861 -0.04517959  0.75935812]
[ 0.85942544  0.45803106  1.          0.13717036 -0.04261647  0.78466387]
[ 0.71662309  0.40368416  1.          0.22932451 -0.01634044  0.83340461]
[ 0.77338009  0.50141195  0.9436068   0.239873   -0.05510402  0.81595959]
[ 0.89937526  0.51919254  0.98739315  0.23673705 -0.10061148  0.76837151]
[0.82613158 0.47663045 0.87305598 0.21483012 0.01981098 0.8307968 ]
[0.83055158 0.46655728 0.96689919 0.2205753  0.00159414 0.79709668]
[7.88227514e-01 4.58037973e-01 1.00000000e+00 2.44012515e-01
 1.45238378e-04 7.70033038e-01]
