[0.46382448 0.81245836 0.36455521 0.59900863]
[0.47268019 0.7915953  0.34931278 0.68314203]
[0.46539681 0.83388077 0.37035399 0.61675176]
[0.47073879 0.7906526  0.32348982 0.68275295]
[0.46253063 0.77815504 0.3492646  0.67206661]
[0.44488143 0.99092617 0.35376757 0.62674903]
[0.47108047 0.75501587 0.36145565 0.70819247]
[0.45196834 0.79664309 0.36362701 0.62063159]
[0.46560381 0.79516034 0.38194394 0.60888643]
[0.46034451 0.79470882 0.35655346 0.716305  ]
[0.46596793 0.74677304 0.34675278 0.72893566]
[0.42994365 0.82184525 0.38065492 0.62739347]
[0.4698887  0.77240173 0.35507174 0.65385248]
[0.44890009 0.85233433 0.36537821 0.69012715]
[0.46145965 0.74181393 0.34355836 0.73511529]
[0.46371138 0.8339522  0.35997589 0.68530592]
[0.4743853  0.71856157 0.34942896 0.70661556]
[0.44863625 0.75260917 0.37434576 0.67325841]
[0.46066348 0.79886045 0.35830502 0.66861613]
