[[1.2014331 4.82594   2.4893446 ... 0.        0.        0.       ]]
[[0.8214354 2.835777  4.6958694 ... 0.        0.        0.       ]]
[[0.26105362 3.6073673  3.621251   ... 0.         0.         0.        ]]
[[0.93098545 2.7575293  4.1122994  ... 0.         0.         0.        ]]
[[0.7492623 3.0310085 3.7890236 ... 0.        0.        0.       ]]
[[0.08776269 3.6029813  3.8578875  ... 0.         0.         0.        ]]
[[1.4377819 2.7075977 4.971619  ... 0.        0.        0.       ]]
[[-0.02809502  3.342226    2.6291008  ...  0.          0.
   0.        ]]
[[0.9614947 3.4403677 2.9565814 ... 0.        0.        0.       ]]
[[0.7400725 2.9652762 5.8879647 ... 0.        0.        0.       ]]
[[1.1939255 2.3264682 5.2192225 ... 0.        0.        0.       ]]
[[-0.18743272  3.9658494   3.0778658  ...  0.          0.
   0.        ]]
[[1.2778966 2.889364  3.3026226 ... 0.        0.        0.       ]]
[[0.8004815 4.0140877 5.3832817 ... 0.        0.        0.       ]]
[[0.7439232 2.581639  5.9849844 ... 0.        0.        0.       ]]
[[0.3742394 3.2561307 4.66707   ... 0.        0.        0.       ]]
[[1.1824772 2.237307  4.078724  ... 0.        0.        0.       ]]
[[0.5214768 3.7706575 4.693338  ... 0.        0.        0.       ]]
[[1.1512784 1.9221227 6.1487966 ... 0.        0.        0.       ]]
[[0.12292211 2.402479   3.7020192  ... 0.         0.         0.        ]]
[[-0.23793705  2.8265238   5.405604   ...  0.          0.
   0.        ]]
[[0.47824842 2.9007974  4.307047   ... 0.         0.         0.        ]]
[[0.9821917 3.4429932 7.2137513 ... 0.        0.        0.       ]]
[[0.78512436 2.6043806  6.3012166  ... 0.         0.         0.        ]]
[[0.09877007 2.5334778  5.2538896  ... 0.         0.         0.        ]]
[[0.90166897 3.3713858  5.640377   ... 0.         0.         0.        ]]
[[1.2107811 2.2531867 5.2292504 ... 0.        0.        0.       ]]
[[0.56834435 2.9902546  2.1390176  ... 0.         0.         0.        ]]
[[0.1777941 2.6792152 4.1967134 ... 0.        0.        0.       ]]
[[0.75963295 2.974055   3.1047044  ... 0.         0.         0.        ]]
[[-0.20939092  3.1069176   2.9074993  ...  0.          0.
   0.        ]]
[[0.43940386 2.9565787  3.9086218  ... 0.         0.         0.        ]]
[[1.0857698 2.697226  5.836029  ... 0.        0.        0.       ]]
[[1.0252972 3.3234568 7.1497593 ... 0.        0.        0.       ]]
[[0.03385019 2.2046282  3.7484715  ... 0.         0.         0.        ]]
[[0.3114603 2.3091326 4.5481067 ... 0.        0.        0.       ]]
[[3.0413833 0.9598205 1.3706487 ... 0.        0.        0.       ]]
[[3.3905518 1.2828598 2.9643185 ... 0.        0.        0.       ]]
[[2.8808806 1.2221794 4.587739  ... 0.        0.        0.       ]]
[[3.0059342 2.6738484 1.693273  ... 0.        0.        0.       ]]
[[3.9051528 1.5092558 4.673735  ... 0.        0.        0.       ]]
[[2.3184807 0.8104451 2.8965156 ... 0.        0.        0.       ]]
[[3.8356643 1.2658675 4.447582  ... 0.        0.        0.       ]]
[[3.3823404 2.1524289 2.5169554 ... 0.        0.        0.       ]]
[[3.8082488 1.3279059 3.5492358 ... 0.        0.        0.       ]]
[[2.6838787 1.5458194 2.28847   ... 0.        0.        0.       ]]
[[3.5789108  2.368443   0.93490326 ... 0.         0.         0.        ]]
[[3.258348  2.0380266 1.4023424 ... 0.        0.        0.       ]]
[[2.6993177 2.0263364 1.554125  ... 0.        0.        0.       ]]
[[3.125044  1.3595117 2.3566942 ... 0.        0.        0.       ]]
[[3.1592453 3.0940688 2.6561325 ... 0.        0.        0.       ]]
[[3.4527738 1.0835398 4.2178473 ... 0.        0.        0.       ]]
[[3.4682233 1.9925338 2.9602444 ... 0.        0.        0.       ]]
[[4.257681  1.1018075 1.6496353 ... 0.        0.        0.       ]]
[[0.3775363 3.9879405 4.431655  ... 0.        0.        0.       ]]
[[-0.0859107  4.3927712  4.89841   ...  0.         0.         0.       ]]
[[0.12236044 4.2675424  3.2748754  ... 0.         0.         0.        ]]
[[-1.7399743  3.4531639  5.02536   ...  0.         0.         0.       ]]
[[0.7022957 4.3986807 4.4710474 ... 0.        0.        0.       ]]
[[0.56449723 3.4962533  4.4672356  ... 0.         0.         0.        ]]
[[1.0668223 3.4118528 5.958551  ... 0.        0.        0.       ]]
[[0.76664644 2.8235092  5.4801726  ... 0.         0.         0.        ]]
[[1.0050739 3.3933327 5.3930917 ... 0.        0.        0.       ]]
[[0.7575691 2.7983391 2.705455  ... 0.        0.        0.       ]]
[[0.64189655 3.1079085  5.509215   ... 0.         0.         0.        ]]
[[-0.48628774  3.2014065   5.068174   ...  0.          0.
   0.        ]]
[[0.22060852 4.2004514  6.3900423  ... 0.         0.         0.        ]]
[[0.9960533 4.668934  3.1914024 ... 0.        0.        0.       ]]
[[0.5721516 3.873869  4.935619  ... 0.        0.        0.       ]]
[[0.5561852 3.36317   5.866364  ... 0.        0.        0.       ]]
[[0.45955002 4.30584    3.7695706  ... 0.         0.         0.        ]]
[[0.5197201 3.3242044 4.1987753 ... 0.        0.        0.       ]]
[[-2.2858658  5.1817684  1.3398956 ...  0.         0.         0.       ]]
[[-0.57269233  5.037925    2.9242194  ...  0.          0.
   0.        ]]
[[-4.3422513  6.248398   3.619436  ...  0.         0.         0.       ]]
[[0.06324726 3.4254851  0.98403615 ... 0.         0.         0.        ]]
[[-3.0842516  3.6235523  3.0243127 ...  0.         0.         0.       ]]
[[-1.9790266  3.8297937  4.1063285 ...  0.         0.         0.       ]]
[[-1.5105519  7.256353   1.810286  ...  0.         0.         0.       ]]
[[0.24925905 2.6703448  1.5042161  ... 0.         0.         0.        ]]
[[-2.4582677  4.0369854  4.487354  ...  0.         0.         0.       ]]
[[-1.8297681  9.308075   1.0881234 ...  0.         0.         0.       ]]
[[1.0523651 4.5011554 2.447677  ... 0.        0.        0.       ]]
[[1.1559039 5.399625  1.9020567 ... 0.        0.        0.       ]]
[[-2.6583848  3.2314086  6.9035873 ...  0.         0.         0.       ]]
[[-0.8281566  6.0343776  1.1271679 ...  0.         0.         0.       ]]
[[-1.6686643  2.7963252  4.608801  ...  0.         0.         0.       ]]
[[-3.1477005  6.2516227  2.9061112 ...  0.         0.         0.       ]]
[[-2.1447115  4.041745   6.579073  ...  0.         0.         0.       ]]
[[-3.1411927  4.539588   1.93009   ...  0.         0.         0.       ]]
[[0.66548383 3.2372751  3.880079   ... 0.         0.         0.        ]]
