[0.14824358 1.         0.59252314 0.13217655 0.84055917]
[0.1233742  1.         0.59853757 0.14922337 0.95226423]
[0.22302259 0.81773606 0.59905998 0.13323513 0.79358147]
[0.13952811 0.85695467 0.59239003 0.14424409 0.98349223]
[0.19273236 0.90230086 0.60307045 0.12195409 0.9563088 ]
[0.17711947 1.         0.59942937 0.14375914 0.78307506]
[0.17789415 0.98961587 0.5878619  0.13583963 0.88299351]
[0.08827332 1.         0.57932027 0.13273904 0.87291621]
[0.10503279 1.         0.59261271 0.11244701 0.78393737]
[0.17287296 1.         0.58351369 0.11027842 0.91318631]
[0.16505843 0.90216905 0.5907421  0.13978067 0.81522989]
[0.27824267 1.         0.59709254 0.11631635 0.70132706]
[0.116191   1.         0.58813643 0.14279485 0.90486251]
[0.17489274 0.90444292 0.57636568 0.15946646 0.92386039]
[0.29183251 0.98543041 0.58814639 0.14704972 0.85388037]
[0.13259558 0.9193558  0.61083886 0.12622093 0.95694753]
[0.1349156  0.88005042 0.60053794 0.15152858 0.95230897]
[0.20481322 1.         0.61698701 0.13914408 0.75812194]
[0.18995854 0.95371813 0.58387618 0.14030883 0.88000535]
[0.19325018 0.89421218 0.58979064 0.13782208 0.96120433]
[0.31920074 1.         0.56798976 0.24363898 0.775978  ]
[0.3387265  1.         0.57146076 0.230557   0.86952957]
[0.36780327 0.91803936 0.56656406 0.23781509 0.74405732]
[0.34869651 0.9143728  0.55252654 0.25313414 0.92993284]
[0.35324517 0.96093364 0.56095041 0.19380007 0.89504651]
[0.399626   1.         0.57231811 0.27452434 0.72289403]
[0.36477799 1.         0.5564614  0.22737603 0.81457375]
[0.40739475 1.         0.56120618 0.24615567 0.78230305]
[0.36122413 0.99597711 0.57303507 0.21937358 0.73031327]
[0.2795895  1.         0.56833974 0.18515214 0.83533546]
[0.41164289 0.9405608  0.56756939 0.25496279 0.74841788]
[0.36224982 1.         0.56763987 0.2339643  0.67073029]
[0.39170577 1.         0.56612661 0.25392867 0.80903314]
[0.33917805 0.99269492 0.55117877 0.25490438 0.84445169]
[0.32135636 1.         0.55229058 0.26402605 0.8082487 ]
[0.35129087 0.86291091 0.56496313 0.23163183 0.89745061]
[0.36920762 0.94028131 0.54801339 0.27741879 0.90664435]
[0.4513947  1.         0.58113032 0.26460325 0.70992503]
[0.34523814 0.95488904 0.55841344 0.21476061 0.81626562]
[0.35463372 0.9405182  0.54394502 0.248982   0.93917476]
[0.47945661 1.         0.53414758 0.4671877  0.78822612]
[0.46111117 0.94543023 0.52775889 0.46648128 0.86324421]
[0.49561832 1.         0.5331909  0.4683781  0.73695027]
[0.51974439 0.7927875  0.52825039 0.4687314  0.89965752]
[0.52394641 0.85530144 0.52997655 0.47086766 0.88568518]
[0.43673133 1.         0.53612706 0.46527526 0.74647569]
[0.43895063 0.85299843 0.53013805 0.46690268 0.84380709]
[0.46848883 0.92421793 0.53400739 0.46969747 0.80164041]
[0.49329364 1.         0.53183698 0.46922737 0.72841108]
[0.49001817 1.         0.53207685 0.46972901 0.82872913]
[0.48899546 0.94435263 0.53281837 0.46788887 0.75709352]
[0.47690832 1.         0.53178556 0.46642961 0.6725497 ]
[0.484336   1.         0.52583652 0.4674401  0.81920483]
[0.48842823 0.90861086 0.5302032  0.4673086  0.8380211 ]
[0.39997621 1.         0.53091971 0.46507515 0.83314995]
[0.50860963 0.85040531 0.53591764 0.46961633 0.90285073]
[0.49032123 0.81740231 0.52535011 0.46772738 0.9156771 ]
[0.40975381 1.         0.5357542  0.46537202 0.72809425]
[0.47144065 0.86668588 0.53705934 0.46841419 0.81051109]
[0.51295881 0.90785703 0.53062298 0.46951671 0.93838244]
[0.3721216  1.         0.58315231 0.32811937 0.79957692]
[0.36316341 0.92728231 0.59587217 0.30846217 0.89215106]
[0.3644941  1.         0.58060673 0.31498585 0.7668261 ]
[0.36750184 0.82609728 0.57576479 0.34845361 0.93670344]
[0.40106935 0.8904967  0.58597189 0.31957774 0.91070238]
[0.43690754 1.         0.57726363 0.31788618 0.75497223]
[0.39323605 0.81365779 0.57696464 0.31328358 0.84163231]
[0.38390672 0.97021624 0.57543279 0.32094683 0.80535216]
[0.3970261  0.88507247 0.5787731  0.31505485 0.75413428]
[0.35886365 0.96646356 0.58171781 0.31313581 0.83781949]
[0.35565831 1.         0.57992    0.34727554 0.7688915 ]
[0.34466607 1.         0.56893528 0.31358844 0.69166297]
[0.37746158 1.         0.58547546 0.34243156 0.83500597]
[0.34081529 0.88781886 0.57081611 0.34412961 0.85382724]
[0.44714313 1.         0.56413168]
[1.]
[0.36516522 0.86911517 0.58794871 0.32025334 0.91492251]
[0.36896583 0.85387157 0.57171367 0.34869681 0.93781473]
[0.44825899 0.89652093 0.59283668 0.33328704 0.73990972]
[0.39987489 0.95999077 0.57885846 0.30141241 0.82201489]
[0.39512169 0.87175817 0.56363428 0.35509195 0.94697856]
[ 0.19759558  1.          0.62980485 -0.01503883  0.85032623]
[0.14407884 1.         0.64599648 0.00459824 0.94272234]
[ 0.15599064  1.          0.62713357 -0.01415617  0.81712388]
[ 0.12820104  0.91491327  0.61917842 -0.00772243  0.96610251]
[ 0.18479655  0.94780792  0.63233413 -0.03028144  0.97329304]
[0.15004545 1.         0.62646817 0.01199042 0.8107376 ]
[ 0.14773533  1.          0.62019032 -0.01078615  0.90072407]
[ 0.11393805  1.          0.618166   -0.02305844  0.87552515]
[ 0.2233867   1.          0.62579492 -0.04309806  0.80948978]
[ 0.1452819   1.          0.62626214 -0.05088154  0.90072407]
[ 1.70422225e-01  9.94788676e-01  6.23732975e-01 -7.67420347e-04
  8.33526956e-01]
[ 0.24391134  1.          0.61615721 -0.03097705  0.73448088]
[ 0.13543671  1.          0.63233406 -0.00368572  0.90072412]
[0.13950894 1.         0.61310613 0.02794962 0.91752342]
[0.20100971 1.         0.60679979 0.01699996 0.89375639]
[ 0.172713    0.88713217  0.63638285 -0.01828174  0.96932762]
[0.17799551 0.8467877  0.61310613 0.03019857 0.96498186]
[0.20799193 1.         0.64701334 0.00367057 0.79330105]
[ 0.17956048  1.          0.62373269 -0.00144984  0.88392482]
[1.63060519e-01 9.98403318e-01 6.04504405e-01 5.27654254e-04
 1.00000000e+00]
