[-0.06931504  1.        ]
[-0.073419    0.87596494]
[-0.15395048  1.        ]
[-0.16518937  0.90909926]
[-0.07512122  0.9975681 ]
[-0.27732555  1.        ]
[-0.14766524  1.        ]
[-0.14744362  1.        ]
[-0.01428792  0.87407701]
[-0.13039689  1.        ]
[-0.19002488  1.        ]
[-0.162939  1.      ]
[-0.21212218  1.        ]
[-0.10112181  0.98188187]
[-0.18827948  1.        ]
[-0.12851041  0.93547379]
[-0.15469093  0.93777894]
[0.13480174 0.89685877]
[-0.07098273  1.        ]
[-0.08155855  0.98899688]
[-0.29737523  1.        ]
[-0.16913588  1.        ]
[-0.07015752  0.9202524 ]
[-0.25458993  0.93298922]
[-0.16426766  1.        ]
[0.00501842 1.        ]
[-0.14064272  1.        ]
[-0.32936691  1.        ]
[-0.08877112  0.97991554]
[-0.32906609  1.        ]
[-0.24594404  1.        ]
[-0.08121888  1.        ]
[-0.29114032  1.        ]
[-0.16487191  0.85949401]
[-0.08992287  1.        ]
[-0.19267551  0.93555778]
[-0.2390527   0.99937775]
[-0.24414246  1.        ]
[-0.15094287  1.        ]
[-0.16498206  0.95099306]
[-0.0044135   0.81581066]
[-0.01165648  1.        ]
[0.09565603 0.89416851]
[-0.02111232  0.8929096 ]
[0.03922174 1.        ]
[0.11925994 1.        ]
[0.0149065 1.       ]
[-0.12199336  0.9374984 ]
[-0.02096768  1.        ]
[-0.05407804  1.        ]
[-0.11734994  1.        ]
[0.03496555 1.        ]
[-0.06885863  0.83971552]
[0.03268478 0.93747576]
[0.25612819 1.        ]
[-0.02666224  0.83803184]
[-0.02952435  0.86165648]
[-0.09446293  1.        ]
[0.02822789 0.91688557]
[0.01988548 0.90019994]
[0.21889651 1.        ]
[0.38552651 1.        ]
[0.33578637 1.        ]
[0.26532687 0.9785697 ]
[0.44602034 1.        ]
[0.47661841 1.        ]
[0.4463421 1.       ]
[0.39515342 1.        ]
[0.2625991 1.       ]
[0.19186614 1.        ]
[0.15037047 1.        ]
[0.33655294 1.        ]
[0.35649523 1.        ]
[0.34258648 1.        ]
[0.34786669 1.        ]
[0.35731984 0.97313021]
[0.36705603 0.9400182 ]
[0.34353627 1.        ]
[0.4450102 1.       ]
[0.46407202 1.        ]
[0.06738962 1.        ]
[0.04250337 1.        ]
[0.04301443 0.92555223]
[-0.05335251  0.86986275]
[0.0246801  0.99550215]
[-0.08665762  1.        ]
[-0.07974087  1.        ]
[-0.04926129  0.89743355]
[0.02980224 0.8434126 ]
[-0.02801842  1.        ]
[-0.08040013  1.        ]
[-0.0194885  1.       ]
[-0.11131894  1.        ]
[-0.03254604  1.        ]
[-0.02938631  1.        ]
[-0.05312106  0.94787149]
[0.01493664 0.86729932]
[0.1199178 1.       ]
[0.03636135 1.        ]
[7.60800757e-04 1.00000000e+00]
