[0.0677965  1.         0.35291622]
[0.23892165 1.         0.37088526]
[0.18929456 1.         0.35274519]
[0.32815517 0.96105881 0.40509063]
[0.18884808 1.         0.3885672 ]
[0.14126194 1.         0.37354677]
[0.28194571 1.         0.37659749]
[0.3602079  1.         0.38100642]
[0.2146676  0.91067366 0.3742993 ]
[0.10474228 1.         0.37484921]
[0.22738764 1.         0.36625121]
[0.30757066 1.         0.34375119]
[-0.08285523  1.          0.36812976]
[0.31145336 1.         0.38142182]
[0.42398234 1.         0.38588037]
[0.24507214 0.91258808 0.39558192]
[0.13562897 0.90311365 0.40365202]
[0.13125008 1.         0.35823122]
[0.31125972 1.         0.36811555]
[0.20721808 1.         0.3919491 ]
[-0.06878844  1.          0.19384582]
[-0.02903943  1.          0.16715874]
[-0.10284338  1.          0.18975546]
[-0.00131819  1.          0.16191291]
[0.01220543 1.         0.15688227]
[0.34711978 1.         0.21758205]
[0.14245622 1.         0.20214187]
[0.01643097 1.         0.20317829]
[0.0149096  1.         0.20397146]
[-0.12333429  1.          0.18428399]
[-0.10751399  1.          0.2022977 ]
[0.00259972 1.         0.20476615]
[0.03204717 1.         0.19139212]
[-0.03457288  1.          0.17813116]
[0.03463577 1.         0.18435739]
[0.0314729  0.97045274 0.18313261]
[0.08061134 1.         0.16516531]
[0.20200233 1.         0.20186649]
[-0.1473984   1.          0.18253722]
[-0.02454987  1.          0.15209167]
[-0.09784348  1.          0.20104496]
[-0.17277988  1.          0.17395195]
[-0.12652688  0.99830382  0.20581981]
[-0.20086475  1.          0.14924491]
[-0.09221136  1.          0.15964687]
[-0.05409643  1.          0.2135874 ]
[-0.13367063  1.          0.18282969]
[-0.24937356  0.95205745  0.19204429]
[-0.20585787  1.          0.20654579]
[-0.2179229   1.          0.18279299]
[-0.25079801  0.98092263  0.20434114]
[-0.03832566  1.          0.22901346]
[-0.24009524  1.          0.18592988]
[-0.08946575  1.          0.18636929]
[-0.10209024  1.          0.19916426]
[-0.12736535  0.79784759  0.16243205]
[-0.21806196  0.98838742  0.15302631]
[-0.11174552  1.          0.21512447]
[-0.10617104  1.          0.184011  ]
[-0.09908528  1.          0.15144096]
[-0.22778127  1.          0.45203356]
[-0.22467595  1.          0.49129892]
[-0.11555044  1.          0.43693473]
[0.00940875 1.         0.52662684]
[0.03093378 1.         0.5125365 ]
[-0.24330351  1.          0.43443933]
[-0.06016828  1.          0.47568188]
[-0.209226    1.          0.46482189]
[-0.20189993  1.          0.43385697]
[-0.09487544  1.          0.46994242]
[-0.29489883  1.          0.4431943 ]
[-0.35879064  1.          0.39752173]
[-0.26089692  1.          0.47332471]
[-0.06661819  1.          0.48035205]
[-0.03893393  1.          0.47189759]
[-0.0514506   1.          0.51541112]
[-0.03697375  1.          0.52641663]
[-0.12145377  1.          0.42529807]
[-0.05953255  1.          0.46618398]
[-0.02686643  1.          0.53200503]
[-0.07410789  1.          0.12080564]
[-0.06120639  1.          0.08399637]
[0.07681783 1.         0.13500384]
[-0.04367443  1.          0.05037168]
[0.03324964 1.         0.06367111]
[0.03324155 1.         0.140294  ]
[-0.05574318  1.          0.10058874]
[-0.1491926   0.93168622  0.11094157]
[0.04640319 1.         0.13812391]
[-0.08386646  1.          0.1007035 ]
[-0.15313953  1.          0.12733206]
[0.20406965 1.         0.16831149]
[-0.05962908  1.          0.10120843]
[-0.02160012  1.          0.0940708 ]
[-0.12408636  1.          0.10519553]
[-0.05421582  0.97633212  0.06385527]
[-0.13152571  1.          0.05382044]
[-0.07061533  1.          0.14623847]
[-0.03136915  1.          0.10739147]
[0.00111526 1.         0.04749312]
