[-5.40238847e-07  2.20210624e-06  3.08129368e-06  4.06766036e-06
  5.87933799e-07  1.47778365e-06]
[1.00000000e+00 7.30628981e-07]
[1.42119649e-07 2.59185285e-06 4.23326726e-06 3.22259425e-06
 2.30503237e-07 1.14751448e-06]
[1.00000000e+00 5.04710307e-07]
[5.21477097e-07 2.64905382e-06 2.52868728e-06 3.66716065e-06
 3.85773746e-07 1.33462289e-06]
[1.00000000e+00 1.12847072e-06]
[-8.23155401e-07  2.35960176e-06  5.39685221e-06  2.34377147e-06
  3.43962518e-07  1.25521386e-06]
[1.00000000e+00 6.27131348e-07]
[1.45073348e-06 2.43773449e-06 3.77655427e-06 2.79398832e-06
 6.07404961e-07 1.30519321e-06]
[3.16301604e-01 1.01254418e-06]
[-6.33267431e-08  1.79375970e-06  2.61747309e-06  3.68297192e-06
  4.78317432e-07  1.45416786e-06]
[1.26949509e-07 1.77510465e-06]
[2.33444236e-07 3.36135397e-06 3.45490507e-06 3.09168455e-06
 3.47532548e-07 1.41326120e-06]
[1.00000000e+00 8.78570872e-07]
[7.73453057e-07 2.05609483e-06 2.96929696e-06 2.33614648e-06
 6.40113605e-07 1.35651294e-06]
[1.00000000e+00 1.10779832e-06]
[ 4.54023388e-07  2.56672143e-06  2.60534811e-06  3.55516067e-06
 -1.79720213e-07  1.42333917e-06]
[6.96552715e-02 1.29878126e-06]
[-1.56136352e-07  2.69860718e-06  3.69331763e-06  3.25300844e-06
 -4.44744084e-08  1.44589941e-06]
[1.00000000e+00 9.43058056e-07]
[-3.86126709e-07  1.46784115e-06  2.77341410e-06  2.62081557e-06
  3.35675169e-07  1.41681320e-06]
[1.00000000e+00 8.32548855e-07]
[1.24484243e-06 4.14150540e-06 1.82404772e-06 4.25709709e-06
 1.46555295e-07 1.29699177e-06]
[1.00000000e+00 1.01324067e-06]
[3.72362048e-07 2.60762332e-06 3.67952648e-06 3.28872306e-06
 4.66062715e-07 1.44393073e-06]
[1.00000000e+00 7.56059137e-07]
[1.59535919e-06 2.95202678e-06 3.05572119e-06 3.18624521e-06
 8.28331321e-07 1.21017716e-06]
[1.69561194e-01 7.02976176e-07]
[3.00067061e-07 2.69792886e-06 3.52335936e-06 4.02323755e-06
 4.22935713e-07 1.15670445e-06]
[1.00000000e+00 1.40577787e-06]
[-5.81421722e-07  2.34197444e-06  5.19685824e-06  2.51526104e-06
 -6.31444601e-09  1.10722774e-06]
[1.00000000e+00 9.95503953e-07]
[1.17751030e-06 2.22501740e-06 4.29314204e-06 2.55392919e-06
 7.92724562e-07 1.39018156e-06]
[1.65500937e-07 8.13411070e-07]
[7.23860825e-08 2.83179243e-06 2.18061285e-06 4.36235313e-06
 6.10733162e-07 1.45949587e-06]
[1.00000000e+00 1.42964916e-06]
[3.91478512e-07 2.52175936e-06 3.15206531e-06 3.09583000e-06
 5.54589999e-07 1.35524796e-06]
[1.00000000e+00 1.04565211e-06]
[8.21118303e-07 2.59614591e-06 4.57169222e-06 3.11839811e-06
 2.42205525e-07 1.19679013e-06]
[1.00000000e+00 1.16712622e-06]
[ 8.59823506e-07  3.28712994e-06  3.49695399e-06  5.76643769e-06
 -1.38664565e-06  6.05775522e-07]
[1.00000000e+00 7.13597131e-07]
[ 7.86074225e-07  2.64577626e-06  4.71839074e-06  4.27846272e-06
 -1.28986766e-06  6.46799470e-07]
[1.00000000e+00 5.01835765e-07]
[-7.51909411e-08  1.90378280e-06  3.12725977e-06  4.67349729e-06
 -2.75552039e-06  5.15144179e-07]
[1.00000000e+00 5.52483176e-07]
[ 6.42938712e-07  2.24397060e-06  5.05516603e-06  3.74663754e-06
 -1.11767448e-06  7.53887306e-07]
[1.99681744e-07 5.10102514e-07]
[ 2.51747560e-08  3.36435717e-06  5.22106815e-06  4.24853836e-06
 -2.09438239e-06  7.51357342e-07]
[8.14048512e-01 1.11531223e-06]
[ 2.88658080e-07  3.51691314e-06  2.63920011e-06  5.68558784e-06
 -5.25136530e-07  7.47574963e-07]
[1.00000000e+00 1.74541838e-06]
[ 7.14711278e-07  2.61391522e-06  3.52911561e-06  4.56474320e-06
 -9.99061903e-07  9.37493979e-07]
[1.00000000e+00 1.33128887e-06]
[ 1.31116753e-07  2.19054028e-06  4.00699460e-06  3.48650842e-06
 -1.82846310e-06  7.64911916e-07]
[1.99242326e-07 1.25954437e-06]
[-4.72278467e-07  2.01897305e-06  2.93206922e-06  5.56809498e-06
 -2.52596857e-06  6.61376082e-07]
[1.00000000e+00 1.04035979e-06]
[ 6.62563272e-07  2.41068566e-06  3.87206258e-06  4.78268734e-06
 -1.73402089e-06  5.69995803e-07]
[1.00000000e+00 7.63246379e-07]
[ 5.48343837e-07  2.52933493e-06  3.00555193e-06  3.83194791e-06
 -9.27419445e-07  7.86550646e-07]
[1.19286123e-01 7.17704301e-07]
[ 3.91336047e-07  2.68918499e-06  1.92992654e-06  6.23843400e-06
 -1.76978687e-06  8.02127515e-07]
[1.59938527e-07 1.10655202e-06]
[ 3.56967663e-07  5.13424867e-06  3.93188785e-06  5.08200165e-06
 -1.48276642e-06  4.82109722e-07]
[1.00000000e+00 5.04421489e-07]
[ 8.77424933e-07  2.62157355e-06  4.00844380e-06  4.50729266e-06
 -7.64088983e-07  6.99819803e-07]
[1.00000000e+00 9.51252541e-07]
[ 7.36710109e-07  2.69269008e-06  3.67307675e-06  5.33845721e-06
 -6.01563685e-07  7.74612903e-07]
[1.0000000e+00 1.2831971e-06]
[ 1.78251209e-07  1.93852439e-06  5.18180973e-06  3.96613702e-06
 -1.62878789e-06  1.05723163e-06]
[1.00000000e+00 1.21333718e-06]
[ 4.39094030e-07  3.02683161e-06  5.02726631e-06  3.75715783e-06
 -8.87138820e-07  6.01320440e-07]
[3.33793027e-07 9.90229649e-07]
[ 1.82388855e-07  2.43302482e-06  2.74770967e-06  4.97932659e-06
 -1.74466358e-06  1.08725610e-06]
[1.00000000e+00 1.17447727e-06]
[ 5.93672829e-07  2.33877538e-06  3.59554592e-06  4.67176267e-06
 -2.82105139e-06  5.10336410e-07]
[1.0000000e+00 1.1662244e-06]
[-5.91166322e-08  1.91168181e-06  5.79434863e-06  4.57661953e-06
 -1.53942647e-06  6.29123234e-07]
[1.00000000e+00 1.40590168e-06]
[ 2.19053174e-06  5.33071033e-07  2.57897491e-06  5.59035648e-06
 -3.13220795e-07  2.52721596e-07]
[4.48752745e-01 1.33200337e-06]
[3.94721482e-06 2.00148707e-06 2.38421395e-06 4.37019627e-06
 7.55161335e-08 2.40805634e-07]
[1.00000000e+00 3.99631547e-07]
[ 3.95219709e-06  2.69223134e-06  1.67955563e-06  5.01809929e-06
 -1.66214873e-06  8.69762996e-07]
[1.00000000e+00 1.19568549e-06]
[3.20986217e-06 5.30808759e-07 1.78779468e-06 3.09193067e-06
 5.33278707e-07 8.94300293e-07]
[1.00000000e+00 5.31874192e-07]
[ 2.82813311e-06  1.44983492e-06  2.12795928e-06  3.93395823e-06
 -3.09549893e-07  2.31887093e-06]
[3.19824612e-07 1.03759317e-06]
[3.00714539e-06 1.51023010e-06 1.59131711e-06 5.72059684e-06
 1.54593166e-07 1.35747634e-06]
[1.00000000e+00 1.69452489e-06]
[2.04402196e-06 1.13710954e-06 1.89812582e-06 4.46540802e-06
 3.30583676e-07 5.91006230e-07]
[1.00000000e+00 1.81519453e-06]
[1.80502901e-06 6.06612228e-07 2.28340126e-06 3.36420001e-06
 5.90712687e-07 2.78740011e-07]
[1.0000000e+00 1.0553985e-06]
[3.69979333e-06 9.03592967e-07 1.38335636e-06 5.93393569e-06
 4.18900840e-08 2.82926180e-07]
[1.00000000e+00 1.21554554e-06]
[ 2.99520287e-06  1.41975215e-06  2.03696964e-06  3.93124304e-06
 -2.12825576e-08  4.36611424e-07]
[1.00000000e+00 1.04062309e-06]
[3.07656642e-06 1.84786792e-06 1.90199080e-06 3.49044436e-06
 7.25598458e-07 1.23666311e-06 2.96095395e-06]
[1.]
[ 2.75058277e-06  1.37549093e-06  1.00105245e-06  6.75621370e-06
 -3.58165810e-07  5.92790609e-07]
[1.00000000e+00 1.12169528e-06]
[2.71219350e-06 1.34400244e-06 2.72734162e-06 4.65266111e-06
 4.42768953e-08 4.38538217e-08]
[1.00000000e+00 6.89646249e-07]
[1.49097691e-06 3.38332075e-07 2.07412542e-06 3.41483740e-06
 3.51277975e-07 8.96880521e-07]
[1.00000000e+00 7.78007159e-07]
[ 2.24508035e-06  8.57365755e-07  2.40523292e-06  4.66074309e-06
 -3.62627828e-07  8.74931829e-07]
[6.76382462e-01 1.56590656e-06]
[3.56194516e-06 8.04550291e-07 1.87720570e-06 3.44256220e-06
 6.04793812e-07 1.12617733e-06]
[2.16249915e-01 6.93849482e-07]
[2.70415567e-06 1.36602753e-06 1.63086975e-06 4.11878649e-06
 4.29061827e-07 1.58536575e-06]
[1.00000000e+00 1.30312794e-06]
[ 3.39186181e-06  1.65703225e-06  1.46960031e-06  5.37180330e-06
 -1.78599263e-07  5.13197279e-07]
[1.0000000e+00 1.3981615e-06]
[ 3.20719607e-06  2.70114058e-06  1.94279802e-06  3.76451919e-06
 -1.09583921e-06  1.08927505e-06]
[1.00000000e+00 1.27500563e-06]
[ 2.45103364e-06  1.14850803e-06  3.50031625e-06  4.74505111e-06
 -6.12110652e-07  1.03095184e-06]
[1.00000000e+00 1.11213821e-06]
[ 4.05354936e-07  3.28122851e-06  3.71641662e-06  3.64735966e-06
 -7.63200622e-07  1.86558856e-06]
[1.00000000e+00 7.44815417e-07]
[-3.33563069e-07  3.10234667e-06  5.19646475e-06  3.80029706e-06
 -1.97775534e-06  1.87033014e-06]
[1.00000000e+00 5.12977508e-07]
[ 2.66905980e-07  3.08729841e-06  2.81996292e-06  3.85970547e-06
 -6.75581661e-07  1.74118471e-06]
[1.00000000e+00 8.35031537e-07]
[ 5.31171666e-08  2.46648234e-06  5.03573364e-06  2.61476812e-06
 -7.46663171e-07  1.54352920e-06]
[2.17336459e-01 5.07244576e-07]
[-4.81368828e-07  3.32874399e-06  5.41801895e-06  3.08509056e-06
 -1.67463435e-06  1.60190267e-06]
[6.99747758e-07 1.15390130e-06]
[ 4.76821344e-07  4.39644113e-06  2.92347672e-06  3.99018156e-06
 -1.89635710e-07  1.88353287e-06]
[1.00000000e+00 1.50085173e-06]
[ 1.04580742e-06  3.04714018e-06  4.02826690e-06  3.25851739e-06
 -1.04905566e-06  1.72639866e-06]
[1.00000000e+00 7.54833445e-07]
[ 6.59323318e-07  2.66882632e-06  3.90781608e-06  2.67100360e-06
 -1.41095717e-06  1.74789498e-06]
[1.00000000e+00 1.42689502e-06]
[-6.09847423e-07  3.30158139e-06  3.02886345e-06  4.16787541e-06
 -1.21407799e-06  1.90173688e-06]
[1.00000000e+00 1.09655523e-06]
[ 2.85373375e-07  2.81316000e-06  4.07697875e-06  3.35647750e-06
 -1.16045348e-06  1.85890342e-06]
[1.00000000e+00 8.56954426e-07]
[-4.33049679e-07  2.61488616e-06  3.45876033e-06  2.92334486e-06
 -7.96063016e-07  1.59279647e-06]
[1.00000000e+00 8.26154631e-07]
[ 7.27561324e-07  3.86257924e-06  2.10940384e-06  4.67404240e-06
 -9.06110868e-07  1.79609833e-06]
[1.00000000e+00 9.40758051e-07]
[-3.20248188e-07  3.22551293e-06  3.93129775e-06  3.75565954e-06
 -6.08668946e-07  1.62534253e-06]
[1.00000000e+00 4.50474653e-07]
[ 7.25710664e-07  2.41921667e-06  3.84415675e-06  2.90420544e-06
 -7.20312794e-07  1.62462208e-06]
[1.00000000e+00 8.88985024e-07]
[ 3.69149086e-07  3.94172932e-06  3.96736514e-06  4.16926463e-06
 -8.03117803e-07  1.77543137e-06]
[1.00000000e+00 1.14020615e-06]
[ 9.35133573e-08  2.71020463e-06  4.84221655e-06  2.79213181e-06
 -1.31138157e-06  1.38940247e-06]
[1.00000000e+00 1.13835743e-06]
[ 3.99274939e-07  2.66272316e-06  4.93001082e-06  2.64946749e-06
 -3.14404851e-07  1.56780680e-06]
[7.78412883e-01 9.86367852e-07]
[-9.64341502e-08  3.14104883e-06  2.69343374e-06  4.28237076e-06
 -1.69399402e-06  1.91478043e-06]
[1.00000000e+00 1.55367779e-06]
[ 6.23642511e-08  7.19168245e-06  4.06051556e-06  3.31175478e-06
 -5.83023860e-07  1.97809655e-06]
[1.00000000e+00 1.30741212e-06]
[ 8.08938479e-07  3.18000240e-06  6.04540028e-06  3.27167454e-06
 -7.85732479e-07  1.80701403e-06]
[1.00000000e+00 1.36323343e-06]
[ 9.02610135e-07  3.21252399e-07  2.03067413e-06  5.50216513e-06
 -6.89767805e-07 -4.74435219e-07]
[1.00000000e+00 1.51787202e-06]
[-1.21306651e-06  3.66496662e-06  2.10347158e-06  7.61919606e-06
 -2.34615048e-06  2.05624059e-07]
[1.00000000e+00 7.22854997e-07]
[-3.30767903e-06  4.49937245e-06  3.41264597e-06  5.28372329e-06
 -3.25419836e-06 -1.41511260e-06]
[1.00000000e+00 1.23369677e-06]
[-2.90281647e-06  4.42973361e-07  7.31282834e-06  4.17318230e-06
 -2.65458774e-07  1.93151841e-07]
[1.00000000e+00 1.01932222e-06]
[-1.96652640e-06  2.52452146e-06  4.75676376e-06  5.30758361e-06
 -8.24330879e-07 -1.19821428e-06]
[5.05671902e-01 9.19432048e-07]
[ 8.73666261e-08  4.59404638e-06  1.02979602e-06  5.81106114e-06
 -4.85415488e-07 -7.02905186e-07]
[2.23609337e-07 2.96395723e-06]
[-1.82008959e-06  2.65961407e-06  2.92616091e-06  4.71110076e-06
 -1.76673399e-06 -1.01527780e-06]
[1.00000000e+00 1.36489709e-06]
[-1.73705903e-06  2.86270004e-06  2.26679414e-06  4.53327338e-06
 -3.11239406e-07 -4.01938354e-07]
[1.00000000e+00 3.02577572e-07]
[-7.71438720e-09 -1.39478023e-06  1.71520986e-06  4.22981034e-06
 -2.22250763e-06 -8.67660278e-07]
[1.00000000e+00 1.60081252e-06]
[ 3.77167161e-07  1.50173671e-07  1.77939043e-06  7.05907717e-06
 -1.89740520e-06 -1.57209601e-08]
[1.00000000e+00 9.58263054e-07]
[-2.08073826e-06  2.17590293e-06  1.32325992e-06  5.62645253e-06
 -2.78116760e-07 -1.80677109e-07]
[8.30063509e-07 1.15527502e-06]
[ 1.76045265e-06 -2.52840621e-06  5.85234394e-07  1.33953085e-05
 -1.32806417e-06 -6.19522775e-07]
[1.00000000e+00 1.81824054e-06]
[-7.48363189e-07  2.22327684e-06  3.70977965e-06  3.05765134e-06
 -1.88979411e-06 -9.34545147e-07]
[1.49138020e-01 9.14165367e-07]
[-1.17668806e-06  1.69810739e-07  2.73696947e-06  4.93107901e-06
 -9.71912125e-07 -4.01339373e-07]
[1.00000000e+00 1.04545415e-06]
[-1.96895768e-06  4.30100202e-07  3.01379132e-06  5.14547844e-06
 -1.71971286e-06 -6.28791490e-07]
[1.00000000e+00 1.40831051e-06]
[-2.44889071e-06  1.67951643e-06  5.62810706e-06  5.49234041e-06
 -5.47781926e-07 -1.04536091e-06]
[1.00000000e+00 1.04739502e-06]
[-2.20628084e-06  1.89725901e-06  4.96622834e-06  4.33350309e-06
 -6.26799939e-08 -1.73626720e-07]
[2.70879766e-07 1.12883924e-06]
[-2.51764281e-06  4.01738102e-06  1.60177751e-06  4.81790092e-06
 -1.43568455e-06 -8.58470310e-07]
[1.00000000e+00 1.67979841e-06]
[-2.54602674e-07  4.39634982e-06  2.24810424e-06  3.33854902e-06
 -1.34674988e-06 -8.03638792e-07]
[1.00000000e+00 6.74664843e-07]
[-1.38596356e-06  1.86309461e-06  5.03691318e-06  6.66740318e-06
 -9.54226254e-07 -6.59197968e-07]
[1.00000000e+00 2.17506067e-06]
[-1.23077416e-06  1.83245608e-06  3.00919525e-06  5.55179221e-06
 -1.22989646e-06 -5.99886235e-07]
[1.00000000e+00 1.28254459e-06]