[0.35301791 0.05715208 1.         0.43863492 0.08141387 0.68276071]
[ 0.31806643 -0.0199578   0.98159657  0.45352049  0.08733244  0.82219113]
[0.27774236 0.14923342 0.93201617 0.42616071 0.0924944  0.58787271]
[0.31762294 0.0815211  0.7846366  0.4157668  0.09170511 0.8410639 ]
[0.23622264 0.08791613 0.87399923 0.43188939 0.0690432  0.85805168]
[0.35964164 0.23328371 0.79677042 0.44674817 0.09439259 0.58802734]
[0.3952836  0.08583007 1.         0.4215258  0.08847377 0.71098627]
[0.32017701 0.08933697 0.93188717 0.41941748 0.07443038 0.66818339]
[0.38369587 0.04484653 1.         0.4361722  0.06828776 0.61284485]
[0.30404038 0.04664349 0.93199854 0.43328093 0.04747212 0.74282009]
[0.29736877 0.08795436 0.98586801 0.42935003 0.08785135 0.64684014]
[0.38071158 0.09786575 1.         0.4323778  0.07761232 0.5421166 ]
[0.37919317 0.04757255 1.         0.43089352 0.09656502 0.7112212 ]
[0.36040018 0.12411283 0.78473408 0.41395656 0.10220915 0.71443068]
[0.32045937 0.36898443 0.84839328 0.4242139  0.10255822 0.60383698]
[0.34305022 0.109369   0.79974189 0.43198447 0.08244372 0.79745165]
[0.36714252 0.07723708 0.79406682 0.41425052 0.10434543 0.84808231]
[0.30071575 0.23686826 1.         0.4565347  0.09471029 0.55305905]
[0.29063373 0.06496143 0.88127667 0.4256476  0.07570611 0.70603032]
[0.33447495 0.11816922 0.80619423 0.40686818 0.08772207 0.8517964 ]
[ 0.36119045 -0.007298    1.          0.39958968 -0.05513563  0.84109031]
[ 0.30527036 -0.00912095  1.          0.41167097 -0.05522136  0.98379155]
[ 0.27699873  0.11261873  0.88663225  0.41724856 -0.07239293  0.80239979]
[ 0.35225309 -0.01986371  0.92146897  0.39172081 -0.04921378  1.        ]
[ 0.33063393  0.03835985  1.          0.40155225 -0.05523919  1.        ]
[ 0.33789448  0.07042725  1.          0.42157978 -0.05526596  0.77945438]
[ 0.34690324  0.07113494  0.98160141  0.39358627 -0.05927708  0.94452369]
[ 0.3185221  -0.02625794  1.          0.39151251 -0.07647339  0.89040314]
[ 0.35330387  0.0736115   1.          0.42702058 -0.10071361  0.77941247]
[ 0.29560373 -0.06681569  1.          0.39702264 -0.07591882  0.91993968]
[ 0.35167746 -0.10547547  1.          0.39494305 -0.03130556  0.80873188]
[ 0.3673293   0.0219892   1.          0.41301816 -0.06306871  0.65729948]
[ 0.35870187 -0.0628687   1.          0.40201663 -0.02449426  0.92985905]
[ 0.34772504  0.01768486  0.91859448  0.38795035 -0.04205591  0.96064213]
[ 0.31867642  0.1460997   1.          0.41459698 -0.02055489  0.90037646]
[ 0.36990841 -0.02490089  1.          0.4042252  -0.07016359  1.        ]
[ 0.36482593 -0.00564308  0.94003403  0.38681087 -0.0055899   1.        ]
[ 0.29745588  0.10253036  1.          0.44238407 -0.02413436  0.74605648]
[ 0.28606904  0.01992109  1.          0.39512754 -0.03319485  0.88680372]
[ 0.3609676   0.02262772  1.          0.38090298 -0.01726849  1.        ]
[0.25405993 0.30963383 1.         0.29695176 0.20160481 0.71122351]
[0.26368471 0.3049205  0.99510922 0.30025472 0.20618951 0.82947046]
[0.26624021 0.25937348 0.91137012 0.29372132 0.20335881 0.639516  ]
[0.24234159 0.36654106 0.79440443 0.2909679  0.21292668 0.85269659]
[0.239498   0.36954882 0.88469351 0.29664273 0.20842815 0.87650247]
[0.25235064 0.26965541 1.         0.29467256 0.20508858 0.64772136]
[0.2568063  0.30722841 0.96837199 0.29526203 0.20473034 0.77157202]
[0.25316651 0.28690495 0.85658105 0.29412916 0.20241074 0.73779413]
[0.26000047 0.27024906 1.         0.29579529 0.1976639  0.64915406]
[0.26469735 0.2918046  1.         0.29690916 0.19467008 0.77029296]
[0.25040538 0.28981066 0.90073027 0.29612916 0.20549787 0.6675    ]
[0.25917237 0.24338903 1.         0.29498609 0.19542973 0.54953284]
[0.25914647 0.31254253 1.         0.29822327 0.20442834 0.7696824 ]
[0.2563599  0.35853719 1.         0.29106131 0.21347185 0.74725908]
[0.263596   0.25240831 1.         0.29272866 0.2058537  0.76553397]
[0.24127467 0.35564398 0.84383281 0.2958121  0.20831896 0.85892621]
[0.23986957 0.36881286 0.85575796 0.29292941 0.21625609 0.90693737]
[0.26491904 0.2514047  1.         0.29957749 0.20327948 0.61739842]
[0.26503795 0.32047629 0.91718157 0.29544286 0.20549931 0.74791639]
[0.24174022 0.35013525 0.89066819 0.28953078 0.21118717 0.91349318]
[ 0.29408091  0.06322041  1.          0.40397495 -0.04944152  0.8833196 ]
[ 0.28351152  0.07112674  0.99658135  0.4046854  -0.05560129  1.        ]
[ 0.27165447  0.09003029  1.          0.41033394 -0.0259027   0.83044308]
[ 0.29476521  0.08299365  0.84032224  0.37637014 -0.01559497  1.        ]
[ 0.22056558  0.1424026   0.93887855  0.38455975 -0.03482835  1.        ]
[2.90080169e-01 1.51058999e-01 1.00000000e+00 4.16270695e-01
 2.58855468e-04 7.93480394e-01]
[ 0.29431285  0.11128228  1.          0.39248986 -0.049211    0.96837278]
[ 0.31756704  0.04364701  1.          0.38341534 -0.03020977  0.8916865 ]
[ 0.30291157  0.13574337  1.          0.42451493 -0.07639897  0.80945875]
[ 0.28033631  0.08469567  1.          0.40388052 -0.12018813  0.98772181]
[ 0.292522    0.10874159  0.79769848  0.39250558 -0.03139372  0.85182582]
[ 0.30627297  0.09930466  1.          0.41216545 -0.06006204  0.69918321]
[ 0.30282436  0.04625455  1.          0.40084656 -0.03169755  0.96422061]
[0.30343812 0.08694366 0.9654278  0.38344721 0.00672006 0.97107382]
[ 0.28973994  0.14832034  1.          0.40969775 -0.02239886  0.93696426]
[ 0.28694117  0.10156267  0.91399432  0.39583835 -0.01180728  1.        ]
[0.29509942 0.08405925 0.88639127 0.38246652 0.01918346 1.        ]
[ 0.281514    0.16855765  1.          0.45299805 -0.02481362  0.78552417]
[ 0.27487481  0.12162606  1.          0.39661629 -0.0279636   0.93764289]
[0.28614926 0.10696931 0.96901204 0.37591757 0.01013556 1.        ]
[ 0.3410909   0.30189711  1.          0.45033896 -0.04310175  0.75062246]
[ 0.3066815   0.33940521  1.          0.46607777 -0.02937149  0.87775635]
[ 0.27707342  0.32114594  1.          0.44443785 -0.00699993  0.69750027]
[0.34326892 0.3442276  0.88129809 0.43886862 0.00441151 0.98052865]
[ 0.31617908  0.34950338  0.93690734  0.45218613 -0.0376518   0.94321004]
[0.36034843 0.256414   0.99273849 0.44089692 0.01800063 0.68685683]
[0.36523958 0.35735909 1.         0.43844969 0.00646198 0.80715118]
[ 0.37312983  0.3333721   1.          0.43616055 -0.02006625  0.76947316]
[ 0.36079863  0.33034052  1.          0.44282738 -0.05422563  0.68734553]
[ 0.29681214  0.32347536  1.          0.44552713 -0.06834813  0.81790699]
[ 0.31872457  0.29975307  1.          0.4435537  -0.00323577  0.72527697]
[ 0.3655553   0.30351768  1.          0.43032449 -0.02528855  0.58562279]
[ 0.36367626  0.30911685  1.          0.4528554  -0.06081875  0.83624967]
[ 0.35384822  0.32197246  1.          0.43320125 -0.00843191  0.84792803]
[0.31655087 0.31718783 1.         0.42216704 0.04568002 0.79217674]
[ 0.36560793  0.35908322  0.95604021  0.45542696 -0.01292163  0.93182375]
[3.36264486e-01 3.10860714e-01 8.69074097e-01 4.33159821e-01
 2.55410307e-04 9.71804369e-01]
[0.29681214 0.3328596  1.         0.46090855 0.02113399 0.65757334]
[ 0.28694278  0.34776244  0.98336098  0.44261739 -0.02330392  0.79205095]
[3.19613718e-01 3.47607140e-01 9.49399150e-01 4.23887058e-01
 7.93816027e-04 1.00000000e+00]
