[[-0.65487933  2.6186388   3.6681187   4.8455377   0.69181246  1.7540284
   1.9162021   0.8621467 ]]
[[0.15964723 3.0838766  5.0432215  3.8367882  0.2651501  1.3597887
  0.18546659 0.59246916]]
[[0.61248356 3.152157   3.0084763  4.367464   0.45049542 1.5831304
  0.04725003 1.3370476 ]]
[[-0.99259484  2.8066401   6.4321847   2.7877436   0.40058565  1.4883437
   0.21083069  0.7386023 ]]
[[1.7217304  2.8999066  4.4980464  3.3251643  0.71505505 1.5480015
  1.377567   1.1986669 ]]
[[-0.08559269  2.1311984   3.1144593   4.3863378   0.56096417  1.7258332
  -0.14153874  2.10893   ]]
[[0.26866075 4.0024247  4.114096   3.6805222  0.40484717 1.67724
  2.1548154  1.0387439 ]]
[[0.9132655  2.444346   3.534429   2.7786417  0.75409913 1.6092619
  1.7058446  1.3123711 ]]
[[ 0.53196454  3.0538774   3.0999858   4.2337704  -0.22453076  1.6890339
   1.83147     1.5403461 ]]
[[-0.19637887  3.2113085   4.3986874   3.8730934  -0.06308879  1.7159605
   0.13153471  1.1157218 ]]
[[-0.47091675  1.7421517   3.300605    3.1184492   0.3906931   1.6812444
   0.99097806  0.98380774]]
[[1.4759597  4.933686   2.167353   5.071667   0.16494203 1.5382129
  0.33638915 1.1994983 ]]
[[0.43448597 3.1027017  4.382225   3.9157257  0.5463358  1.7136118
  1.5468506  0.8925025 ]]
[[1.8943691  3.5138137  3.637593   3.7933986  0.9787733  1.4345852
  1.0202404  0.82913774]]
[[0.34818795 3.2104988  4.1958094  4.7925105  0.4948554  1.3707529
  0.7207983  1.6680672 ]]
[[-0.70403904  2.7855985   6.1934533   2.9924495  -0.01753751  1.3116956
   0.04638396  1.1783261 ]]
[[ 1.3955858   2.6459877   5.1146936   3.0386074   0.93626976  1.6494513
  -0.18755731  0.9609631 ]]
[[0.07640676 3.3702908  2.5929823  5.1973104  0.7190279  1.7321914
  0.13766184 1.6965622 ]]
[[0.45730516 3.0002065  3.7525983  3.6854706  0.6520102  1.6077569
  0.07481103 1.2381876 ]]
[[0.97016317 3.0890012  5.447197   3.71241    0.27911904 1.418631
  0.2158257  1.3831904 ]]
[[ 1.0163653  3.913824   4.1642895  6.8733563 -1.6652292  0.7131184
   2.3066678  0.8418159]]
[[ 0.9283313   3.1482446   5.62231     5.097171   -1.549706    0.7620833
   0.29177463  0.58903784]]
[[-0.0997549   2.2625322   3.7229881   5.568721   -3.2992454   0.60492486
   0.07230266  0.6494953 ]]
[[ 0.75747144  2.668612    6.0243163   4.462335   -1.3441602   0.8899105
  -3.2283587   0.5989058 ]]
[[ 0.02005093  4.0060096   6.2223525   5.0614505  -2.5100496   0.8868908
   0.971724    1.3213404 ]]
[[ 0.33456913  4.1881146   3.1403947   6.7768464  -0.6368518   0.88237554
   1.1372244   2.0734937 ]]
[[ 0.84314585  3.1102123   4.2026806   5.438902   -1.2025732   1.1090813
   2.6005397   1.5791502 ]]
[[ 0.14651315  2.6048326   4.7731214   4.1518207  -2.1926236   0.9030785
  -0.22783417  1.4935093 ]]
[[-0.5737555  2.400034   3.4899905  6.636596  -3.025231   0.7794893
   2.4718633  1.2318702]]
[[ 0.78089714  2.8676186   4.612054    5.6990604  -2.0798886   0.670405
   0.21351616  0.90108186]]
[[ 0.6445542  3.0092494  3.5777063  4.5641694 -1.1170541  0.928953
   4.142391   0.8467186]]
[[ 0.4571351   3.2000613   2.2937398   7.436775   -2.1225822   0.94749415
  -3.1809175   1.3108834 ]]
[[ 0.4161098   6.1187167   4.683467    6.0563498  -1.7799679   0.56549156
   1.9010818   0.5921244 ]]
[[ 1.037376    3.119354    4.7748513   5.3703237  -0.92208767  0.8253731
   1.9272753   1.1255035 ]]
[[ 0.8694057   3.2042453   4.374526    6.362479   -0.72808236  0.9146588
   0.74065506  1.5217434 ]]
[[ 0.20277722  2.304003    6.17549     4.72435    -1.9542727   1.2520199
   2.1974292   1.4383521 ]]
[[ 0.51414347  3.6031077   5.9910126   4.474893   -1.0689714   0.70779234
  -0.3884464   1.1720302 ]]
[[ 0.2077163   2.8942847   3.2699218   5.9337873  -2.0925927   1.2878548
   0.21511158  1.3919653 ]]
[[ 0.6986631   2.7817798   4.281978    5.5666504  -3.3774693   0.59918594
   0.1251378   1.3821139 ]]
[[-0.08056711  2.2719612   6.9066734   5.4530787  -1.8476026   0.7409811
   0.7420341   1.668215  ]]
[[ 2.6048224   0.62632316  3.0685043   6.6631694  -0.38388947  0.29167286
   2.535673    1.5800031 ]]
[[4.7017627  2.3791611  2.8360195  5.2066727  0.08014308 0.27744827
  0.08819316 0.46703738]]
[[ 4.70771     3.2036977   1.9948738   5.98007    -1.9940953   1.0282369
   0.03724288  1.4172814 ]]
[[3.82159    0.6236227  2.124078   3.680816   0.62657106 1.0575235
  0.5744217  0.6248945 ]]
[[ 3.3659227   1.7206578   2.5301301   4.6859384  -0.37950754  2.7580268
  -0.3717724   1.2285677 ]]
[[3.5796084  1.7927511  1.8895441  6.8186364  0.17453678 1.6104137
  0.17139302 2.0127425 ]]
[[2.4299347  1.3473597  2.2557795  5.3203263  0.38461542 0.6954821
  0.47274736 2.156785  ]]
[[2.1446505  0.71410877 2.7156801  4.005822   0.6951296  0.3227337
  2.3236277  1.2498218 ]]
[[4.4064174  1.0686126  1.6413028  7.0732975  0.0400039  0.32772735
  1.1256131  1.4409882 ]]
[[ 3.5653527   1.6847482   2.4215164   4.6826973  -0.03540484  0.5111838
   0.05684915  1.2321845 ]]
[[3.6624758 2.195787  2.2603931 4.156519  0.8561418 1.4661961 3.5244703
  0.6676502]]
[[ 3.2733514   1.6319139   1.1849493   8.054845   -0.43754002  0.6976118
   1.2103708   1.3289598 ]]
[[3.2275264  1.5943263  3.2456086  5.543849   0.04285302 0.04234874
  0.25592276 0.8132259 ]]
[[1.7697687  0.39386463 2.465869   4.0662675  0.40931806 1.060661
  2.9713695  0.9187017 ]]
[[ 2.6699367  1.0134315  2.8611097  5.5534964 -0.4428663  1.034493
   0.807393   1.8592117]]
[[4.241869   0.95038605 2.2308073  4.0993624  0.71193814 1.3343177
  0.258136   0.81824327]]
[[3.2179317  1.6206175  1.9367578  4.9065666  0.5021681  1.8824406
  0.03888605 1.5455347 ]]
[[ 4.0388417   1.9679878   1.7442516   6.402284   -0.22319269  0.6026052
   0.08438097  1.6589756 ]]
[[ 3.8184075   3.2143326   2.3091044   4.4836802  -1.3180956   1.2902651
   0.08407155  1.5119653 ]]
[[ 2.9157817   1.360966    4.168303    5.6541343  -0.7406722   1.2206447
   0.11717651  1.3175516 ]]
[[ 0.47386935  3.9067795   4.4262605   4.3438277  -0.92102724  2.2169425
   1.1605085   0.87908095]]
[[-0.4081719   3.6932495   6.1929836   4.526388   -2.3708327   2.2226038
   0.17134403  0.60233766]]
[[ 0.3086038   3.6752865   3.35617     4.5973034  -0.8164371   2.0684485
   0.04238958  0.9867713 ]]
[[ 0.05340559  2.9342227   6.00112     3.1112304  -0.9012866   1.8325021
   2.0259433   0.5954943 ]]
[[-0.5846066  3.9634984  6.4574513  3.672651  -2.0089993  1.9021895
  -0.825284   1.3674039]]
[[ 0.5591783   5.238001    3.4797337   4.7530518  -0.23636682  2.2383616
   2.5427346   1.7815562 ]]
[[ 1.238373    3.6273499   4.798514    3.8796694  -1.2622504   2.0507967
   0.20026541  0.8910394 ]]
[[ 0.77702963  3.1757593   4.6547327   3.1783583  -1.6942497   2.0764515
   1.2844259   1.6932746 ]]
[[-0.7379706  3.9310746  3.6055331  4.9651637 -1.4592364  2.2600954
   1.1633834  1.2989503]]
[[ 0.3306482   3.3480494   4.856661    3.9966037  -1.3952252   2.2089689
   0.12654622  1.0129405 ]]
[[-0.52692837  3.1113713   4.118698    3.4795763  -0.96025485  1.8913177
   0.6206711   0.976175  ]]
[[ 0.85848486  4.6007338   2.5079806   5.5693717  -1.0916182   2.1339917
   0.9619336   1.1129763 ]]
[[-0.39227802  3.8402722   4.6827626   4.4731045  -0.73656386  1.9301609
   0.9392456   0.52772844]]
[[ 0.85627574  2.877802    4.578743    3.4567297  -0.86983234  1.9293059
   1.7061692   1.0511752 ]]
[[ 0.43065068  4.6952147   4.725816    4.966822   -0.9686761   2.1093237
   0.35552564  1.3510561 ]]
[[ 0.10162624  3.2251523   5.77012     3.3229482  -1.575387    1.6485279
   0.8509933   1.3488493 ]]
[[ 0.4666117   3.168474    5.8749194   3.1526508  -0.38530287  1.8614858
   1.929186    1.1674204 ]]
[[-0.12511277  3.739448    3.205133    5.101836   -2.0321088   2.2756658
   0.12043693  1.8446143 ]]
[[ 0.06444377  8.574661    4.837009    3.9432185  -0.7059515   2.3512473
   0.07436578  1.5506487 ]]
[[ 0.9556242   3.7859466   7.206352    3.895375   -0.94792336  2.1470256
   0.77052385  1.6172822 ]]
[[ 1.0674394   0.37347674  2.4140015   6.557896   -0.833371   -0.5763385
   0.67270964  1.8018732 ]]
[[-1.458029    4.364845    2.5008993   9.084981   -2.8105834   0.23545207
   2.5811422   0.85286695]]
[[-3.9583533   5.3608694   4.0636516   6.2971435  -3.8945138  -1.6992142
   0.24338737  1.4626552 ]]
[[-3.4750717   0.5187742   8.719272    4.9714985  -0.32687628  0.22056481
   0.68431157  1.2067578 ]]
[[-2.3574288  3.0035036  5.6681156  6.3256254 -0.993998  -1.440372
   3.603617   1.0875196]]
[[ 0.09428893  5.473881    1.2192603   6.926623   -0.58943707 -0.84905314
  -1.2569209   3.528055  ]]
[[-2.1826282  3.1647627  3.4829378  5.613608  -2.118938  -1.2219352
   2.7313912  1.6192681]]
[[-2.0835152   3.407185    2.6958563   5.4013367  -0.3815243  -0.48979154
   0.22300169  0.35118473]]
[[-0.01920861 -1.6749394   2.037434    5.039095   -2.6629918  -1.0457289
   3.4892495   1.9008787 ]]
[[ 0.4402218   0.16926126  2.1140459   8.416371   -2.2749193  -0.02876649
   1.5652803   1.1338719 ]]
[[-2.4937627   2.5873601   1.5695661   6.706257   -0.34198603 -0.22567368
  -7.980841    1.3690437 ]]
[[ 2.09144   -3.0281408  0.6885902 15.979886  -1.5953009 -0.7495216
   2.8709242  2.160421 ]]
[[-0.9033159  2.64391    4.418338   3.639897  -2.265834  -1.1255693
   2.0178025  1.0812328]]
[[-1.4146043   0.19270189  3.2571013   5.8761945  -1.1701647  -0.48907614
   3.5731828   1.2379513 ]]
[[-2.360331    0.5034076   3.5875416   6.1321216  -2.0628092  -0.76058435
   3.5328798   1.6710904 ]]
[[-2.9332237   1.994827    6.708232    6.5461683  -0.66388345 -1.2578453
   0.7512723   1.2402681 ]]
[[-2.643622    2.2547448   5.918152    5.1628723  -0.08482067 -0.21725777
  -0.31334728  1.3374875 ]]
[[-3.0152926  4.7855196  1.9020306  5.7410946 -1.7237666 -1.0347583
   2.7125785  1.9951636]]
[[-0.31391743  5.237892    2.6735463   3.9752026  -1.6176059  -0.96929896
   0.5342848   0.7953427 ]]
[[-1.664415   2.213963   6.002528   7.9488325 -1.1490532 -0.7968837
   0.1514812  2.5863547]]
[[-1.4791665  2.17739    3.5820553  6.6171355 -1.4781188 -0.7260827
   1.1193693  1.5209645]]
