[0.06154931 1.         0.24228489 0.78913119]
[0.06849144 1.         0.25043722 0.87391916]
[0.16377406 0.95141921 0.24465029 0.75829918]
[0.05814564 0.8893683  0.25268561 0.94379036]
[0.11630191 0.91976388 0.23823846 0.91828091]
[0.15360274 1.         0.25268906 0.75059112]
[0.1622465  0.91422508 0.24403248 0.83537925]
[0.06734258 0.9791263  0.24219418 0.81225518]
[0.11187276 1.         0.23487018 0.75059112]
[0.09372653 1.         0.2278121  0.83537925]
[0.02420594 1.         0.24869265 0.77371519]
[0.15015596 1.         0.23909613 0.68121914]
[0.11330391 1.         0.24313476 0.83537931]
[0.12661657 0.89397499 0.25797718 0.85079523]
[0.06117449 1.         0.25499078 0.82767117]
[0.06348483 0.9191867  0.24246653 0.91073521]
[0.08342616 0.8552792  0.2593577  0.93060464]
[0.0755846  1.         0.2501653  0.73517511]
[0.10294774 0.97760459 0.24525786 0.81996321]
[0.1113023  0.95877768 0.25104736 0.94773706]
[0.49024856 1.         0.33793203 0.7495414 ]
[0.51058727 1.         0.38905299 0.8159592 ]
[0.46942989 1.         0.31733371 0.72504842]
[0.4518011  0.85059913 0.36404439 0.9111256 ]
[0.48468836 0.85733992 0.30294119 0.91073686]
[0.54511533 0.96825125 0.37159649 0.69535865]
[0.47687522 0.96240312 0.35334691 0.78792724]
[0.44489929 0.89984082 0.32025414 0.7834821 ]
[0.48052882 1.         0.33959304 0.69519619]
[0.44485692 0.93703418 0.29147399 0.79427065]
[0.48790321 0.99902293 0.376495   0.70662852]
[0.53472642 0.97451747 0.34257656 0.6255755 ]
[0.4927242  1.         0.37181205 0.77053038]
[0.49046299 0.9995268  0.37060665 0.80123673]
[0.53897088 1.         0.37712376 0.76768433]
[0.4828611  0.8535346  0.33583646 0.88056895]
[0.4957899  0.83805856 0.37778032 0.88636274]
[0.48880765 1.         0.35715188 0.68517079]
[0.49740524 0.93736159 0.36234726 0.76063863]
[0.47124114 0.87568593 0.31795912 0.91738467]
[0.44577552 1.         0.40304582 0.83224541]
[0.47177051 1.         0.41205459 0.91411297]
[0.45627165 0.91873993 0.4203146  0.79862054]
[0.43149628 0.82838921 0.38785787 0.988862  ]
[0.45063859 0.8758461  0.39666752 0.96709498]
[0.51895    1.         0.4205717  0.77876007]
[0.4539785  0.99012824 0.3957164  0.88376817]
[0.419147   0.91855545 0.419147   0.85167548]
[0.40652137 0.99597088 0.40450715 0.78807443]
[0.43730947 0.99268521 0.39057747 0.87837868]
[0.419147   0.9420229  0.419147   0.81963937]
[0.46004123 1.         0.41730832 0.70660876]
[0.46023168 1.         0.41277417 0.88723858]
[0.46259493 0.93738714 0.41664315 0.89932794]
[0.46051651 1.         0.41505823 0.87860096]
[0.45763737 0.88046817 0.38928765 0.97442185]
[0.44214592 0.8599482  0.41325931 0.99335075]
[0.4691592  0.98986858 0.41552349 0.77445655]
[0.44609195 0.87047831 0.40047857 0.85623915]
[0.45346547 0.87692038 0.38436276 1.        ]
[0.17460395 0.99130023 0.11149584 0.73436348]
[0.05452651 1.         0.12021199 0.81424269]
[0.17943551 0.89272035 0.12444354 0.70203063]
[0.09136811 0.87920397 0.12983243 0.86140232]
[0.12415834 0.94869676 0.10579542 0.83929494]
[0.03442578 1.         0.1390232  0.69529423]
[0.14134399 1.         0.12290163 0.7786175 ]
[0.00921892 1.         0.1119616  0.76057111]
[-0.01617834  1.          0.10461814  0.69437038]
[0.08630083 1.         0.09121644 0.81694087]
[0.04750404 1.         0.12653049 0.73044177]
[-0.01826542  1.          0.12250446  0.62993629]
[0.1142928  1.         0.11945284 0.77022911]
[0.12412569 0.97889489 0.14592127 0.81138329]
[0.35903046 0.89322009 0.14466483 0.74980501]
[0.11403411 0.90271136 0.10798533 0.80732306]
[0.12360342 0.88108661 0.14694295 0.84814565]
[0.07130514 1.         0.13288011 0.67798002]
[0.11791736 1.         0.11115733 0.76113488]
[0.12716973 1.         0.12656067 0.85667436]
[ 0.11006593  1.         -0.01252629  0.85427017]
[ 0.13663568  0.9145576  -0.00278102  0.95901552]
[ 0.16816181  1.         -0.00586061  0.81045667]
[0.08498033 0.91947823 0.00715843 1.        ]
[ 0.13726933  0.97874937 -0.02272849  0.99864864]
[0.14658281 1.         0.01267213 0.79295139]
[ 0.11856595  1.         -0.00973254  0.91329559]
[ 0.05225346  1.         -0.0235823   0.88584288]
[ 0.07765689  1.         -0.04003835  0.80156325]
[ 0.1184603   1.         -0.04122402  0.91329565]
[2.89263440e-03 1.00000000e+00 2.40783595e-04 8.40088364e-01]
[ 0.24200028  1.         -0.01546442  0.71276775]
[ 0.09177042  1.         -0.00212859  0.90773366]
[0.1546397  0.93712254 0.02025498 0.93159742]
[0.25391115 1.         0.02103378 0.87002612]
[ 0.09559811  0.96143489 -0.01247202  0.99358101]
[0.12588395 0.93002328 0.02075401 1.        ]
[0.15541137 1.         0.00634947 0.78166496]
[ 0.1069745   1.         -0.00831219  0.89499371]
[1.41774393e-01 9.67507513e-01 5.49533493e-04 1.00000000e+00]
