tensor([ -6.2982,  24.0969, -12.6246,   3.6158])
tensor([ -6.1147,  15.7039, -14.0847,  10.5613])
tensor([ -5.4678,  18.7565, -12.3961,   5.1634])
tensor([ -5.5416,  15.8629, -15.3022,   9.3947])
tensor([ -5.9531,  16.2317, -14.5938,   7.9593])
tensor([ -6.3474,  21.5181, -12.9695,   4.5660])
tensor([ -5.3356,  16.5657, -14.7143,  13.1265])
tensor([ -6.8337,  19.5052, -12.3363,   4.2256])
tensor([ -7.0337,  29.2052, -13.6454,   5.0068])
tensor([ -6.6390,  15.8185, -13.8433,  11.3698])
tensor([ -5.6547,  12.2645, -13.6377,  11.9333])
tensor([ -9.3563,  17.8810, -12.6084,   5.5494])
tensor([ -5.4522,  17.0465, -14.1303,   7.7378])
tensor([ -7.1266,  16.7056, -12.5985,   9.7958])
tensor([ -6.3995,  12.8385, -13.0932,  12.0685])
tensor([ -5.7773,  18.3444, -13.4463,   9.5188])
tensor([ -5.0684,  13.3852, -14.5515,  10.7609])
tensor([ -6.6610,  15.0326, -13.0006,   8.8984])
[[ -6.281154  17.597942 -13.53204    8.402895]]
