tensor([ -4.9990,  41.1614,   2.3276, -19.0645,   3.8781])
tensor([ -5.2395,  30.9056,   4.0480, -21.5844,   7.3360])
tensor([ -5.7764,  30.4378,   4.8996, -22.4461,   5.6908])
tensor([ -4.3639,  23.8259,   4.0262, -20.8751,   6.4537])
tensor([ -5.1308,  34.2231,   4.6753, -21.9913,   5.9769])
tensor([ -6.9675,  38.1855,   4.6819, -22.5881,   6.0101])
tensor([ -4.5844,  25.6260,   4.5847, -21.4161,   8.8927])
tensor([ -6.3388,  29.8720,   4.1916, -20.5110,   4.8675])
tensor([ -8.6640,  41.9589,   5.2388, -23.4218,   5.4830])
tensor([ -5.6703,  26.5778,   5.0803, -22.3267,   8.5729])
tensor([ -3.5552,  21.9739,   2.1295, -18.1134,   7.0763])
tensor([ -5.2858,  26.9877,   4.9421, -24.1523,   5.9002])
tensor([ -4.6805,  28.6408,   4.5364, -20.7749,   5.6277])
tensor([ -6.9807,  34.4210,   5.5500, -24.4616,   9.5933])
tensor([ -4.2511,  27.8152,   3.3510, -20.3158,   7.8722])
tensor([ -6.0656,  30.3205,   4.8526, -22.7523,   7.3652])
tensor([ -3.7125,  28.1666,   3.1110, -18.4057,   6.8350])
tensor([ -5.6483,  27.7227,   4.9225, -22.6617,   7.7815])
[[ -5.4396806  30.490139    4.286066  -21.547924    6.73406  ]]
