tensor([-4.6833,  9.4191,  3.1221])
tensor([-4.6670,  7.7561,  4.9738])
tensor([-3.5859,  8.8375,  3.8632])
tensor([-3.8786,  7.4811,  3.7851])
tensor([-4.6557,  9.6537,  4.0712])
tensor([-6.1771, 11.0469,  5.1642])
tensor([-4.2986,  8.6824,  5.8398])
tensor([-3.8830,  9.9919,  2.4876])
tensor([-4.2014, 11.3081,  3.1480])
tensor([-5.6500, 10.9585,  6.8536])
tensor([-4.1870,  7.4624,  5.2800])
tensor([-3.0034,  9.9109,  2.8426])
tensor([-4.5849,  9.4987,  3.8576])
tensor([-6.7279, 11.2665,  7.1892])
tensor([-4.7214,  7.4222,  5.6554])
tensor([-5.2685, 10.6000,  5.1053])
tensor([-3.3421,  5.8555,  3.6186])
tensor([-4.9332,  8.9849,  6.2076])
[[-4.5805073  9.229793   4.614717 ]]
