tensor([ 13.0646, -11.9221,  42.9725, -19.0159, -39.9955,  10.7525])
tensor([ 16.1559,  -4.8088,  30.0595, -22.1630, -40.3707,  16.8484])
tensor([ 20.0307,  -6.4800,  30.4781, -23.2124, -37.4509,  12.9169])
tensor([ 16.5961,  -4.6496,  25.7706, -20.3806, -34.4927,  14.5927])
tensor([ 27.0732,  -3.9116,  30.9005, -22.8606, -40.7225,  13.8511])
tensor([  3.4522, -11.3960,  65.3275, -15.6348, -33.6407,  11.4637])
tensor([ 23.4324,  -0.5934,  18.5991, -21.3727, -42.0769,  16.7640])
tensor([ 18.0453,  -8.9215,  36.4396, -25.6369, -40.9250,  13.5137])
tensor([ 17.2368,  -8.6882,  40.3558, -27.0677, -42.2737,  14.0877])
tensor([  7.5651, -10.2958,  31.5510, -17.9470, -33.9843,  17.7887])
tensor([ 19.4410,  -4.4549,  20.7751, -24.3052, -37.3467,  18.1442])
tensor([ 16.7055, -13.7530,  36.9709, -19.9497, -39.0191,  13.6566])
tensor([ 15.7497,  -6.1903,  29.8294, -26.8371, -40.2219,  15.6080])
tensor([ 12.6132,  -8.6201,  38.9388, -24.7345, -40.7299,  20.6537])
tensor([ 16.7058,  -4.6167,  26.2931, -20.4907, -38.6787,  19.5242])
tensor([ 14.0621,  -2.5022,  24.1711, -21.5991, -43.9751,  13.5269])
tensor([ 18.0496,  -5.1942,  24.0969, -23.3131, -37.6590,  19.3376])
tensor([ 18.6213,  -3.6892,  32.6106, -21.8116, -39.2457,  15.1747])
[[ 16.366703   -6.7048726  32.56333   -22.1296    -39.044945   15.455854 ]]
