[45.8        45.49506378]
[45.8        46.16761398]
[47.2        46.50741196]
[55.3        54.44868088]
[60.8        55.84414291]
[56.2        55.84800339]

[43.        44.8225174]
[45.6        46.16761398]
[51.         54.15606308]
[56.3        55.80396652]

[43.7        46.28450012]
[43.         45.64719772]
[45.3        47.02783203]
[45.9        48.28001785]
[47.         49.61253738]
[45.7        49.61253738]
[51.6        55.88677216]
[60.         56.56075668]

[46.4        43.89902496]
[43.7        44.30209732]
[46.1        44.30209732]
[57.5        51.44604874]
[58.         51.20885086]

[48.2        44.92799759]
[48.         44.92799759]
[49.2        44.92799759]
[45.8        44.66186142]
[53.1        47.34296036]
[63.5        54.11108017]
[56.4        53.06736755]
[57.2        54.11108017]
[58.5       54.2223053]

[42.2        44.43660736]
[43.         44.70562744]
[42.8        44.97464371]
[42.9       45.2436676]
[46.8        53.04507065]
[50.5        55.39525986]
[53.1       57.9291954]
[55.3        56.56075668]
[54.5        56.56075668]

[43.4        44.92799759]
[45.8        45.59433365]
[46.9        45.86335373]
[54.3        54.37570572]
[58.         54.97784424]
[61.8       55.7483139]

[41.2        43.24413681]
[43.9        43.78028488]
[42.5        43.78028488]
[41.3        43.91828156]
[44.         44.16580963]
[48.6        49.88913345]
[55.6        54.48594284]
[51.1        54.69085693]
[55.3        56.06233597]

[43.1        45.74646378]
[41.2        46.68803024]
[43.6        45.76588058]
[45.9        47.11279678]
[49.6        54.19181824]
[54.2        55.87999725]
[54.2        56.11253738]
[56.8        55.63851547]

[43.2       44.8225174]
[44.1        44.98101807]
[46.8        45.84123611]
[55.         54.24747086]
[52.         54.72696304]
[53.2        55.53439713]

[43.8        43.37720871]
[43.1        43.64577484]
[42.4        44.18381119]
[50.7        51.20885086]
[45.6       54.9691391]
[57.3        55.97457886]

[41.8        49.36546707]
[43.5        52.82029724]
[44.4        55.22477722]
[44.5        54.49397659]
[48.3        55.82565689]
[46.8        55.48038864]
[50.         55.75013351]

[41.2       44.8225174]
[45.1        45.98559952]
[47.3        48.54381943]
[54.         54.97741318]
[54.9        55.81267166]

[44.8       44.9398613]
[45.7       44.9398613]
[45.        44.9398613]
[52.5        49.60282135]
[58.8       54.9919014]
[55.9        55.27017593]

[43.9        45.49506378]
[42.         46.16761398]
[44.1        47.02783203]
[43.9        48.28001785]
[48.1        54.84393311]
[54.5        57.92919159]
[53.9       57.9291954]
[52.4       57.9291954]

[44.7       44.8225174]
[45.1       44.8225174]
[45.8        45.49506378]
[44.4        44.30209732]
[45.1        44.97464371]
[46.8        45.64719772]
[45.9        45.12537766]
[52.1        54.15606308]
[52.6        55.25611496]

[43.9        43.75409317]
[44.         44.02023315]
[43.5        43.76595306]
[44.2        44.03307724]
[49.4        46.73529816]
[56.7        54.23604965]
[55.4        54.30292511]

[43.4        46.16761398]
[46.         47.02783203]
[45.2        47.02783203]
[44.         47.02783203]
[45.2        47.02783203]
[52.8        54.46202087]
[52.         55.96481705]
[56.6        57.92919159]
[60.         58.50201035]
[57.6        58.50201035]

[42.8        44.52879715]
[47.5        45.46027756]
[45.4        45.46027756]
[47.         45.86335373]
[55.2        50.15525818]
[55.3        54.49397659]
[56.         54.30319595]
[60.2        55.80397034]

[42.4        43.34302521]
[43.4        44.66186142]
[43.3        45.19413757]
[49.3        47.02783203]
[48.5        47.02783203]
[46.7        47.02783203]
[48.2        47.02783203]
[48.8        54.39325333]
[61.8        54.71362305]
[57.8        54.47593307]
