[45.8        46.10789871]
[45.8       46.5165062]
[47.2        46.96084976]
[55.3        54.14343262]
[60.8        55.86750412]
[56.2        56.71231461]

[43.         43.88743973]
[45.6        45.59595871]
[51.         52.02640152]
[56.3        55.55917358]

[43.7        43.36939621]
[43.         43.27249146]
[45.3       44.7816391]
[45.9        45.64144516]
[47.         48.04199219]
[45.7        48.88879776]
[51.6        54.77549744]
[60.         53.09784317]

[46.4        46.20063782]
[43.7        47.16041183]
[46.1        47.52173996]
[57.5        54.56863022]
[58.         55.36676407]

[48.2        45.64497757]
[48.         45.96390533]
[49.2        46.31910706]
[45.8        46.20418167]
[53.1        50.68731689]
[63.5        56.51631546]
[56.4        57.18844604]
[57.2        56.42882919]
[58.5        56.85635376]

[42.2        44.28778458]
[43.         45.11458969]
[42.8        45.52866364]
[42.9        46.37496567]
[46.8        51.88645554]
[50.5        54.92050171]
[53.1        54.11917114]
[55.3       54.6830368]
[54.5        54.43467712]

[43.4        45.21004486]
[45.8        46.41084671]
[46.9        46.97098923]
[54.3        51.72204971]
[58.         56.31435394]
[61.8        56.93677139]

[41.2        44.66832352]
[43.9        45.17873001]
[42.5        45.52134323]
[41.3        46.04325485]
[44.         46.59627533]
[48.6       50.8986702]
[55.6        54.91051102]
[51.1        55.03853226]
[55.3        56.13175201]

[43.1        45.01145172]
[41.2       45.9565773]
[43.6        46.18896103]
[45.9        46.99581909]
[49.6        52.83267212]
[54.2        55.80907059]
[54.2        56.07316208]
[56.8        55.51647568]

[43.2        42.95186234]
[44.1        43.75925827]
[46.8        44.65196609]
[55.         51.43523788]
[52.         53.31954575]
[53.2        55.32723999]

[43.8        44.35206985]
[43.1        44.73600388]
[42.4        45.72627258]
[50.7        49.97185898]
[45.6        53.88970566]
[57.3        55.99779892]

[41.8        46.05709457]
[43.5        48.10229492]
[44.4        49.53753281]
[44.5        50.10660172]
[48.3       52.6580925]
[46.8        52.33476257]
[50.         53.34792328]

[41.2       45.6889267]
[45.1        47.10268784]
[47.3        47.94244003]
[54.         53.93876266]
[54.9        56.06456375]

[44.8        46.10161591]
[45.7       46.4470787]
[45.         46.84453964]
[52.5        50.75582123]
[58.8        56.87917328]
[55.9       57.8926506]

[43.9        46.09587479]
[42.         46.98499298]
[44.1       48.2723465]
[43.9        49.30000687]
[48.1        54.31229782]
[54.5        54.93168259]
[53.9        55.28833771]
[52.4        55.33740616]

[44.7        46.01521683]
[45.1        46.36403275]
[45.8        47.53858185]
[44.4        47.01354599]
[45.1        48.60423279]
[46.8        50.13342667]
[45.9      50.536129]
[52.1        56.29658127]
[52.6        57.57712173]

[43.9        46.15879059]
[44.        46.5941124]
[43.5        46.90378189]
[44.2       47.4227829]
[49.4        52.43144226]
[56.7        59.21925735]
[55.4        59.58889771]

[43.4        43.76361465]
[46.         44.51646042]
[45.2        44.87363815]
[44.         45.32106781]
[45.2        45.85115433]
[52.8        53.82245636]
[52.        55.5014534]
[56.6        54.33349991]
[60.         54.11350632]
[57.6        53.83106995]

[42.8        42.08823013]
[47.5        43.29800034]
[45.4        43.68565369]
[47.         44.75900269]
[55.2        49.87939072]
[55.3        52.85787201]
[56.         53.99368668]
[60.2       56.1014595]

[42.4        44.46640396]
[43.4        46.03598404]
[43.3        47.47854614]
[49.3        51.27272415]
[48.5        52.00778198]
[46.7        52.71360016]
[48.2        53.18033981]
[48.8        57.77055359]
[61.8        57.86257553]
[57.8        57.26018524]
