[45.8        46.04970169]
[45.8        46.31868362]
[47.2        46.53992081]
[55.3        54.77415085]
[60.8        56.92177582]
[56.2        56.91588593]

[43.         45.79905319]
[45.6        47.91419601]
[51.         55.32088089]
[56.3        58.32354355]

[43.7      46.156353]
[43.         45.91664505]
[45.3        46.25936127]
[45.9        47.51942062]
[47.         48.93928146]
[45.7        48.93928146]
[51.6        56.22532272]
[60.         55.13843918]

[46.4        45.50515747]
[43.7        46.05163193]
[46.1        46.05163193]
[57.5        54.79969406]
[58.        54.3838768]

[48.2        45.09165573]
[48.         45.09165573]
[49.2        45.09165573]
[45.8       44.7273407]
[53.1       50.7467804]
[63.5        56.58702469]
[56.4        56.19889069]
[57.2        56.58702469]
[58.5        56.39032364]

[42.2        44.85115433]
[43.         45.21546936]
[42.8        45.57978439]
[42.9        45.73735046]
[46.8        51.11096573]
[50.5        56.19119644]
[53.1        56.41197968]
[55.3        55.07056046]
[54.5        55.07056046]

[43.4        44.71221924]
[45.8        45.62300491]
[46.9        45.98732376]
[54.3        53.27994156]
[58.         57.15487671]
[61.8        57.79745865]

[41.2       44.5459137]
[43.9        45.27454758]
[42.5        45.27454758]
[41.3        45.69660568]
[44.        46.1764183]
[48.6        50.06170273]
[55.6       55.6999321]
[51.1        56.30725098]
[55.3        56.49425888]

[43.1        45.56659698]
[41.2        46.19989777]
[43.6        45.96499252]
[45.9        47.08962631]
[49.6        53.41400909]
[54.2        55.97560883]
[54.2        56.31845474]
[56.8        54.71294785]

[43.2        45.54616165]
[44.1        46.87108231]
[46.8        47.71216202]
[55.         54.87762833]
[52.         56.11322403]
[53.2        57.57242203]

[43.8        44.38869858]
[43.1        44.75301743]
[42.4        45.48164368]
[50.7       50.0598526]
[45.6        56.32398987]
[57.3        56.07090378]

[41.8        46.75272751]
[43.5        50.14180374]
[44.4        51.98028946]
[44.5        51.43173599]
[48.3        55.58307648]
[46.8        53.41770935]
[50.         53.67566299]

[41.2        45.54616165]
[45.1        47.42959213]
[47.3        49.11175156]
[54.         56.66923904]
[54.9        57.69020844]

[44.8        45.35601425]
[45.7        45.35601425]
[45.         45.35601425]
[52.5        51.19799423]
[58.8        57.11272812]
[55.9        57.41248322]

[43.9        46.38907242]
[42.         46.80263138]
[44.1        48.06461716]
[43.9        49.48447418]
[48.1        54.98224258]
[54.5        57.09072113]
[53.9        57.09072113]
[52.4        57.09072113]

[44.7        45.92559814]
[45.1        45.92559814]
[45.8        47.52122879]
[44.4        45.79505157]
[45.1        46.70584488]
[46.8       48.1167984]
[45.9        47.47136307]
[52.1        56.45277786]
[52.6        58.33749008]

[43.9        44.66077042]
[44.         45.02508926]
[43.5        45.25885391]
[44.2        45.62317276]
[49.4        49.59902954]
[56.7        55.83386993]
[55.4        55.80842972]

[43.4        45.84356308]
[46.         46.02926254]
[45.2        46.02926254]
[44.         46.02926254]
[45.2        46.02926254]
[52.8        53.79138184]
[52.         56.00626755]
[56.6        56.27622986]
[60.         56.81792068]
[57.6        56.81792068]

[42.8        44.02999496]
[47.5        45.30509949]
[45.4        45.30509949]
[47.         45.85157394]
[55.2        51.39434433]
[55.3        54.14482498]
[56.         54.90205002]
[60.2        57.58059311]

[42.4        43.73453903]
[43.4        45.04806137]
[43.3        45.77669525]
[49.3        51.06338882]
[48.5        51.06338882]
[46.7        51.06338882]
[48.2        51.06338882]
[48.8        57.46603012]
[61.8        57.49663162]
[57.8       56.6271553]
