[45.8        45.98137283]
[45.8        46.14680099]
[47.2        46.19703674]
[55.3        54.45606613]
[60.8        55.75040054]
[56.2        55.77218246]

[43.         45.82105637]
[45.6       47.8405571]
[51.         55.77678299]
[56.3        57.07691193]

[43.7        45.87017441]
[43.       45.739048]
[45.3        46.01966858]
[45.9        46.44195938]
[47.         47.77331924]
[45.7        47.77331924]
[51.6        55.84511185]
[60.         55.73730087]

[46.4        45.70825958]
[43.7        46.23490524]
[46.1        46.23490524]
[57.5        54.59944534]
[58.         54.59944534]

[48.2        44.96411896]
[48.         44.96411896]
[49.2        44.96411896]
[45.8        44.61302185]
[53.1        50.49709702]
[63.5        56.22819901]
[56.4        55.75313187]
[57.2        56.22819901]
[58.5        56.53799057]

[42.2        44.98003006]
[43.         45.33112717]
[42.8        45.65947342]
[42.9        45.72564316]
[46.8        50.84128189]
[50.5        55.77985001]
[53.1        60.05882645]
[55.3        55.82315445]
[54.5        55.82315445]

[43.4        44.36520767]
[45.8        45.24294662]
[46.9        45.59404373]
[54.3        56.48241806]
[58.        55.9254837]
[61.8       56.0945282]

[41.2        44.32675552]
[43.9        45.02894592]
[42.5        45.02894592]
[41.3        45.38003922]
[44.         46.05815887]
[48.6        49.64152527]
[55.6        54.14616013]
[51.1        54.63557816]
[55.3        56.02768326]

[43.1        45.25489807]
[41.2       45.7486763]
[43.6        45.57387161]
[45.9        45.80546951]
[49.6        52.61291504]
[54.2        55.45443344]
[54.2        55.94825363]
[56.8        54.17736053]

[43.2        45.23762512]
[44.1        46.19698715]
[46.8        46.36241531]
[55.         53.83870316]
[52.         55.00674057]
[53.2        55.89532089]

[43.8        44.29288864]
[43.1        44.64398575]
[42.4        45.34617996]
[50.7        49.67271805]
[45.6        55.12692642]
[57.3       55.5838356]

[41.8        45.34754562]
[43.5        48.06966782]
[44.4        51.04088974]
[44.5        50.55190659]
[48.3        56.41514969]
[46.8        52.63332367]
[50.         52.86253738]

[41.2        45.46505737]
[45.1        46.81512833]
[47.3        49.47784805]
[54.         56.50828552]
[54.9        56.62955856]

[44.8        45.42191696]
[45.7        45.42191696]
[45.         45.42191696]
[52.5        50.94932556]
[58.8       57.0352211]
[55.9        57.66516495]

[43.9        46.41326523]
[42.         46.57869339]
[44.1        47.03632355]
[43.9       48.3676796]
[48.1        55.16053391]
[54.5        60.69742584]
[53.9        60.69742584]
[52.4        60.69742584]

[44.7        46.02978134]
[45.1        46.02978134]
[45.8        47.50108719]
[44.4        45.91458511]
[45.1        46.76958084]
[46.8        48.03525925]
[45.9        47.73296738]
[52.1        56.76867294]
[52.6        57.64572525]

[43.9        45.23001099]
[44.         45.58110428]
[43.5        45.81701279]
[44.2        46.16810608]
[49.4       50.8126564]
[56.7        57.79136276]
[55.4        58.11781693]

[43.4        45.77206039]
[46.         45.93748856]
[45.2        45.93748856]
[44.         45.93748856]
[45.2        45.93748856]
[52.8        54.02679825]
[52.         56.02904129]
[56.6        59.89079666]
[60.         61.58671951]
[57.6        61.58671951]

[42.8        43.78764725]
[47.5        45.01648331]
[45.4        45.01648331]
[47.         45.54312515]
[55.2        50.34597015]
[55.3        53.48822021]
[56.         54.17435455]
[60.2        56.01967239]

[42.4        41.60910416]
[43.4        44.94499588]
[43.3        45.64718628]
[49.3        49.56138992]
[48.5        49.56138992]
[46.7        49.56138992]
[48.2        49.56138992]
[48.8        56.16626358]
[61.8        56.51486969]
[57.8        55.99591827]
