[45.8        46.74046707]
[45.8        47.15426254]
[47.2        47.78706741]
[55.3        54.96169281]
[60.8        58.79297256]
[56.2        58.79286575]

[43.         46.58611679]
[45.6        48.01828766]
[51.        56.6194725]
[56.3        59.06685638]

[43.7        47.16262054]
[43.         47.67333984]
[45.3        47.84985733]
[45.9        48.86569595]
[47.        49.9992981]
[45.7       49.9992981]
[51.6        59.27871323]
[60.         59.16689301]

[46.4        47.75524139]
[43.7        48.36626816]
[46.1        48.36626816]
[57.5        53.32041931]
[58.         52.66546249]

[48.2        45.11590958]
[48.         45.11590958]
[49.2        45.11590958]
[45.8        44.50065613]
[53.1        49.10565567]
[63.5        53.70658493]
[56.4        53.57033157]
[57.2        53.70658493]
[58.5        55.08427429]

[42.2        45.61381149]
[43.         46.02116776]
[42.8       46.4285202]
[42.9        46.59951019]
[46.8        50.24208069]
[50.5        56.86368942]
[53.1        61.82860184]
[55.3        58.34686661]
[54.5        58.34686661]

[43.4       45.4640274]
[45.8        46.48500061]
[46.9        46.89235306]
[54.3        54.68103409]
[58.         58.66465759]
[61.8        59.39487839]

[41.2        46.23974228]
[43.9        47.05444336]
[42.5        47.05444336]
[41.3        47.65670395]
[44.         48.45389557]
[48.6        50.88023376]
[55.6        56.16461945]
[51.1        57.09636307]
[55.3        59.14878082]

[43.1        45.77726746]
[41.2        47.06219482]
[43.6        47.34061432]
[45.9        48.31278992]
[49.6       53.3290596]
[54.2        58.67347717]
[54.2        56.45830154]
[56.8        56.53260803]

[43.2       46.6852951]
[44.1        49.17567825]
[46.8        49.58033752]
[55.        54.7766571]
[52.         57.42860031]
[53.2        58.50339508]

[43.8        45.59022903]
[43.1        45.99757767]
[42.4        46.81227875]
[50.7        50.06021118]
[45.6        56.97999954]
[57.3        59.23542404]

[41.8        46.13211441]
[43.5        49.31451797]
[44.4        51.87109375]
[44.5        49.64422226]
[48.3        55.53523636]
[46.8        54.33648682]
[50.         55.00189209]

[41.2        45.99582672]
[45.1       48.5010376]
[47.3        49.31804276]
[54.         57.44268417]
[54.9        58.08673477]

[44.8      47.721035]
[45.7      47.721035]
[45.       47.721035]
[52.5        53.85877228]
[58.8       59.3048172]
[55.9        61.13779449]

[43.9       50.1202507]
[42.         51.31065369]
[44.1       52.8262825]
[43.9        54.47488022]
[48.1        55.65579605]
[54.5        62.02191162]
[53.9        62.02191162]
[52.4        62.02191162]

[44.7        46.53380585]
[45.1        46.53380585]
[45.8        47.95019913]
[44.4        46.76194763]
[45.1        47.78032684]
[46.8       48.1941185]
[45.9        48.63434982]
[52.1        55.56214142]
[52.6        58.07909012]

[43.9        46.42431641]
[44.         46.93820953]
[43.5        47.57370758]
[44.2        47.98106003]
[49.4        50.90827942]
[56.7        55.77057266]
[55.4        56.20902634]

[43.4        45.63622665]
[46.         45.72277069]
[45.2        45.72277069]
[44.         45.72277069]
[45.2        45.72277069]
[52.8       52.9631958]
[52.         57.01973343]
[56.6        62.64070511]
[60.        64.0377121]
[57.6       64.0377121]

[42.8        43.85430527]
[47.5        45.59448242]
[45.4        45.59448242]
[47.         46.20551682]
[55.2        51.37017441]
[55.3        53.51941299]
[56.        54.8862114]
[60.2        58.76260757]

[42.4        45.79895401]
[43.4        46.96310043]
[43.3        47.98830795]
[49.3        53.35960388]
[48.5        53.35960388]
[46.7        53.35960388]
[48.2        53.35960388]
[48.8        56.24827957]
[61.8       56.1135788]
[57.8        54.89838028]
