[45.8        45.76707077]
[45.8        45.96243668]
[47.2        46.00609207]
[55.3        54.49847794]
[60.8       55.4655571]
[56.2       55.4931488]

[43.         45.59874725]
[45.6        47.58981323]
[51.         54.84675598]
[56.3       56.1087532]

[43.7       45.7828064]
[43.         45.51843643]
[45.3        45.80117035]
[45.9        46.33316422]
[47.         47.75428391]
[45.7        47.75428391]
[51.6        54.80151367]
[60.         56.64690399]

[46.4        45.84900284]
[43.7        46.15342331]
[46.1        46.15342331]
[57.5        54.86152267]
[58.         54.49216843]

[48.2        45.13931656]
[48.         45.13931656]
[49.2        45.13931656]
[45.8        44.04122162]
[53.1        50.40360641]
[63.5        55.84276962]
[56.4        55.64504623]
[57.2        55.84276962]
[58.5        56.01124954]

[42.2        44.55522537]
[43.         44.93477631]
[42.8        45.31433105]
[42.9        45.41178513]
[46.8      50.802948]
[50.5        56.15498352]
[53.1        60.55937576]
[55.3        56.63816071]
[54.5        56.63816071]

[43.4        43.81035995]
[45.8        45.60654831]
[46.9       45.8094902]
[54.3        54.53003311]
[58.         56.76215744]
[61.8        55.95829773]

[41.2        44.94141388]
[43.9        45.34730148]
[42.5        45.34730148]
[41.3        45.83637619]
[44.         46.59026718]
[48.6        51.00425339]
[55.6        55.76137924]
[51.1        56.33584213]
[55.3        55.56581497]

[43.1        45.06771088]
[41.2        45.64263535]
[43.6        45.50182724]
[45.9        46.67238998]
[49.6        52.95364761]
[54.2        54.89067459]
[54.2        54.44832993]
[56.8        53.86072922]

[43.2        45.12108231]
[44.1        47.52857208]
[46.8        48.42497635]
[55.         54.56726456]
[52.         55.76165771]
[53.2        56.96654129]

[43.8        44.66281891]
[43.1        44.86576462]
[42.4        45.45892334]
[50.7        49.66540146]
[45.6        55.88967133]
[57.3        55.16101456]

[41.8        45.90768051]
[43.5        49.57352448]
[44.4        52.06238937]
[44.5        50.76563263]
[48.3        55.56693268]
[46.8        52.66629791]
[50.         53.40877914]

[41.2        45.33890533]
[45.1        47.66363907]
[47.3        49.45859146]
[54.         56.42487717]
[54.9        55.80023193]

[44.8        45.48548889]
[45.7        45.48548889]
[45.         45.48548889]
[52.5        50.85085678]
[58.8        56.82855606]
[55.9        57.42575455]

[43.9        46.27110291]
[42.         46.46647644]
[44.1        47.47051239]
[43.9        48.90739822]
[48.1        54.99934006]
[54.5        61.39661026]
[53.9        61.39661026]
[52.4        61.39661026]

[44.7        45.87628174]
[45.1        45.87628174]
[45.8        47.23757172]
[44.4        45.75674438]
[45.1        46.62797928]
[46.8        47.89187622]
[45.9        48.18854141]
[52.1       55.8753624]
[52.6       58.2939682]

[43.9        45.48817444]
[44.         45.69112015]
[43.5        45.77452087]
[44.2       45.9774704]
[49.4        50.12075043]
[56.7        56.43803787]
[55.4        56.57927322]

[43.4        45.41930389]
[46.         45.58249664]
[45.2        45.58249664]
[44.         45.58249664]
[45.2        45.58249664]
[52.8        53.35104752]
[52.        55.0193367]
[56.6       60.3494339]
[60.         61.92296982]
[57.6        61.92296982]

[42.8        41.78722382]
[47.5        45.43008423]
[45.4        45.43008423]
[47.        45.7345047]
[55.2        50.56837082]
[55.3        54.24234009]
[56.         54.71187973]
[60.2        55.62178421]

[42.4        42.14410019]
[43.4       45.6221962]
[43.3        46.30515289]
[49.3        51.26060867]
[48.5        51.26060867]
[46.7        51.26060867]
[48.2        51.26060867]
[48.8        57.45647812]
[61.8        57.27290726]
[57.8        56.51478958]
